1,A,Central Park,40.7711329,-73.9741874,10,40.76750916746532;-73.98483037948608,40.78323856377099;-73.97455215454102,40.79282386908114;-73.96755695343018,40.802082934728276;-73.96013259887695,40.79993884495808;-73.95472526550293,40.797079950861736;-73.94794464111328,40.791849155467695;-73.95142078399658,40.78304359405236;-73.95802974700928,40.77456185734725;-73.96416664123535,40.763283695152346;-73.97270679473877
2,A,Coney Island,40.5749261,-73.9859414,7,40.57354402174256;-74.00257587432861,40.57576060018384;-73.98111820220947,40.57703183997814;-73.96841526031494,40.57719481769205;-73.9539098739624,40.57429375502188;-73.95318031311035,40.57184894162222;-73.97704124450684,40.56976263021813;-74.00184631347656
3,A,Prospect Park,40.6602037,-73.9689558,10,40.66064423002694;-73.9809250831604,40.658113045456474;-73.97567868232727,40.650722413631236;-73.9735221862793,40.6474338076787;-73.97343635559082,40.65127592543097;-73.96317958831787,40.655443396253155;-73.95983219146729,40.66413564212;-73.95978927612305,40.67100399398882;-73.96034717559814,40.67598392043729;-73.9715051651001,40.66794424687878;-73.97721290588379
4,A,Bryant Park,40.7535965,-73.9832326,4,40.753584407686105;-73.98513615131378,40.7521661695701;-73.98174583911896,40.75355189826865;-73.98086607456207,40.754933534492565;-73.98403644561768
5,A,State of liberty National Monument,40.6892494,-74.0445004,7,40.70650631928233;-74.01776790618896,40.705489673462644;-74.01466727256775,40.70450554552674;-74.01326179504395,40.702382707655495;-74.01330471038818,40.701528673335076;-74.01259660720825,40.700633958968886;-74.01415228843689,40.70346446874157;-74.01767134666443
6,A,Battery Park,40.7032775,-74.0170279,7,40.70650631928233;-74.01776790618896,40.705489673462644;-74.01466727256775,40.70450554552674;-74.01326179504395,40.702382707655495;-74.01330471038818,40.701528673335076;-74.01259660720825,40.700633958968886;-74.01415228843689,40.70346446874157;-74.01767134666443
7,A,Riverside Park,40.8012339,-73.9723096,5,40.81890838579473;-73.96365165710449,40.781646294319906;-73.9888858795166,40.779794014481126;-73.98459434509277,40.79503316696244;-73.9724063873291,40.815173374189946;-73.95875930786133
8,A,Rockaway Beach and Boardwalk,40.5863767,-73.8004768,8,40.58443062803236;-73.82327556610107,40.587885288417944;-73.80881309509277,40.5911442384061;-73.79400730133057,40.59547839580403;-73.77795696258545,40.59622788325198;-73.7671422958374,40.59094870588554;-73.76671314239502,40.58635352705941;-73.79559516906738,40.5804216946719;-73.82306098937988
9,B,The Plaza,40.764464,-73.974489,4,40.76432383634019;-73.97558212280273,40.765339583508506;-73.97486329078674,40.76465700312229;-73.97339344024658,40.76368187612382;-73.97399425506592
10,B,The Greenwich Hotel,40.719846,-74.009893,4,40.71932285841479;-74.0105152130127,40.72029050453113;-74.0102469921112,40.720087218699035;-74.00834798812866,40.719152095875266;-74.00859475135803
11,B,Mandarin Oriental,40.768971,-73.983044,4,40.76957305050713;-73.98472309112549,40.77012557524699;-73.98443341255188,40.76897989383471;-73.98186922073364,40.768459861711285;-73.98208379745483
12,B,The Mark Hotel,40.775274,-73.963405,4,40.77528495950326;-73.96403789520264,40.776073050642545;-73.96339416503906,40.77570744251366;-73.96239638328552,40.77484622430259;-73.9630401134491
13,B,Trump SoHo Hotel,40.725469,-74.005333,4,40.724900860491026;-74.00525271892548,40.72496184189546;-74.00590717792511,40.72572207204701;-74.00577306747437,40.725701745150616;-74.00513470172882
14,B,Gramercy Park Hotel,40.738524,-73.985742,4,40.738433296958085;-73.98637533187866,40.73909988836036;-73.98573160171509,40.73884788507893;-73.98511201143265,40.73812235417178;-73.98562431335449
15,B,The Pierre Hotel,40.765247,-73.971998,4,40.76503486098805;-73.9726048707962,40.76560773817073;-73.97212743759155,40.765258324306316;-73.971306681633,40.76453917603659;-73.97192358970642
16,B,The Surrey Hotel,40.774287,-73.96397,4,40.77404999376036;-73.96489083766937,40.77475685196209;-73.96418005228043,40.77442373581547;-73.96337270736694,40.773570625872885;-73.96396279335022
17,B,Four Seasons Hotel,40.762347,-73.971312,4,40.76217040100198;-73.97226691246033,40.76293020596452;-73.9715963602066,40.762336989999234;-73.97020161151886,40.76154873593582;-73.97079706192017
18,B,The Peninsula Hotel,40.761719,-73.975259,4,40.76141465055142;-73.9764940738678,40.76218665360547;-73.97590935230255,40.76169907377244;-73.97476136684418,40.76094331796274;-73.97531390190125
19,C,Statue of Liberty,40.6892494,-74.0445004,7,40.70650631928233;-74.01776790618896,40.705489673462644;-74.01466727256775,40.70450554552674;-74.01326179504395,40.702382707655495;-74.01330471038818,40.701528673335076;-74.01259660720825,40.700633958968886;-74.01415228843689,40.70346446874157;-74.01767134666443
20,C,Grants Tomb,40.8134045,-73.9630671,4,40.811665519638645;-73.96275043487549,40.816358857175196;-73.9596176147461,40.81710586297057;-73.96161317825317,40.81212025198761;-73.96519660949707
21,C,Grand Army Plaza,40.764591,-73.9736523,4,40.76340558753983;-73.97348999977112,40.764917034572235;-73.97226691246033,40.76549397571888;-73.97339344024658,40.76390940703649;-73.97446632385254
22,C,Washington Square Arch,40.7314658,-73.9970956,4,40.730909293048235;-74.00015115737915,40.729124706996934;-73.9965033531189,40.73106783026874;-73.99521589279175,40.73274667560341;-73.9987725019455
23,C,Columbus Circle Fountain,40.767885,-73.982622,4,40.76704600380301;-73.98185849189758,40.76827297417287;-73.98061394691467,40.76929678641433;-73.98287773132324,40.76792357432163;-73.98391842842102
24,C,Literary Walk,40.7723522,-73.9715901,4,40.772652504839435;-73.97191286087036,40.772815005061425;-73.97092044353485,40.772128438915814;-73.9710921049118,40.772242190010175;-73.9721542596817
25,C,Ricahrd Morris Hunt Memorial,40.7714825,-73.9677474,4,40.77190906125535;-73.96757304668427,40.77187656079962;-73.96731823682785,40.7709685728912;-73.96797001361847,40.771157484149384;-73.96822214126587
26,C,107th Infantry Memorial,40.769249,-73.9694586,4,40.76998338181917;-73.96911263465881,40.76989806561638;-73.96869421005249,40.768484238307984;-73.96976172924042,40.768618309429996;-73.97018015384674
27,C,911 Memorial,40.7115405,-74.0132725,4,40.70908446349713;-74.0119206905365,40.713004352713625;-74.00912046432495,40.71459013444708;-74.01390552520752,40.70997906434596;-74.0152895450592
28,D,Fort Tilden Beach,40.564254,-73.883913,4,40.56555721110907;-73.89241218566895,40.56783925427077;-73.88365745544434,40.56438355861265;-73.88031005859375,40.5621340004699;-73.88812065124512
29,D,Jacob Riis Park  Beach,40.5650846,-73.8727573,5,40.56531270186947;-73.8740336894989,40.5659647245234;-73.87306809425354,40.56637223545649;-73.87154459953308,40.56537790442071;-73.87098670005798,40.56481553032763;-73.87327194213867
30,D,Jones Beach,40.6298139,-73.5030099,5,40.60118080645066;-73.46334457397461,40.61121586776988;-73.46214294433594,40.617079816381285;-73.42231750488281,40.60978237983301;-73.42180252075195,40.60535140452125;-73.44274520874023
31,D,Cherry Grove Beach,40.6599748,-73.0899273,4,40.6589920529128;-73.08384418487549,40.66218242710696;-73.08517456054688,40.65840604922883;-73.09779167175293,40.65606198301639;-73.0971908569336
32,D,Long Beach,40.5884373,-73.657908,4,40.58351804643845;-73.65174293518066,40.590557639129166;-73.65208625793457,40.591013883455936;-73.66414546966553,40.58410470746387;-73.66453170776367
33,D,Orchard Beach,40.8629619,-73.7926456,6,40.862673536807364;-73.80319118499756,40.86909951506043;-73.79967212677002,40.86695759159188;-73.79452228546143,40.864750688887824;-73.79623889923096,40.86514014765027;-73.80040168762207,40.86312791939167;-73.80143165588379
34,D,Rockaway beach and Boardwalk,40.5863767,-73.8004768,8,40.58443062803236;-73.82327556610107,40.587885288417944;-73.80881309509277,40.5911442384061;-73.79400730133057,40.59547839580403;-73.77795696258545,40.59622788325198;-73.7671422958374,40.59094870588554;-73.76671314239502,40.58635352705941;-73.79559516906738,40.5804216946719;-73.82306098937988
35,D,Coney Island Beach,40.5749261,-73.9859414,7,40.57354402174256;-74.00257587432861,40.57576060018384;-73.98111820220947,40.57703183997814;-73.96841526031494,40.57719481769205;-73.9539098739624,40.57429375502188;-73.95318031311035,40.57184894162222;-73.97704124450684,40.56976263021813;-74.00184631347656
36,E,Empire State Building,40.7484405,-73.9856644,4,40.748492426449104;-73.98698687553406,40.749321474709895;-73.98634850978851,40.7485086823967;-73.98430466651917,40.747667431890235;-73.98502349853516
37,E,Broadway and Shubert Alley,40.7578253,-73.9871766,4,40.758472830416466;-73.98902535438538,40.75876539294497;-73.98881077766418,40.75744885142695;-73.98577451705933,40.757107521591976;-73.98597836494446
38,E,Metropolitan Museum of Art,40.7791865,-73.9635348,4,40.78019209652335;-73.96153807640076,40.780086483152814;-73.96125912666321,40.776869256938895;-73.96368384361267,40.77695050194278;-73.96390914916992
39,E,Museum of National History,40.7813241,-73.9739882,6,40.78015960011953;-73.97571086883545,40.78048456344227;-73.97564649581909,40.779802138628305;-73.97375822067261,40.781565055059176;-73.97223472595215,40.78158942684782;-73.971848487854,40.779265942784576;-73.97354364395142
40,E,Rockefeller Center,40.7587402,-73.9786736,4,40.757745481884;-73.97765278816223,40.758558161286956;-73.97705733776093,40.75920423432344;-73.97863984107971,40.758480957170754;-73.97919237613678
41,E,Times Square,40.759011,-73.9844722,4,40.75897668730365;-73.98618757724762,40.75969183245725;-73.98557603359222,40.75925299429778;-73.98446559906006,40.75845657690492;-73.98505568504333
42,F,Broadway Theater,40.763417,-73.983394,4,40.76263359864368;-73.98322641849518,40.763409650615564;-73.98277044296265,40.76390534399132;-73.98398280143738,40.76309679305738;-73.98449242115021
43,F,AMC Lowes Lincoln Square,40.774866,-73.981646,4,40.77414749189048;-73.98134350776672,40.77499246969142;-73.98064613342285,40.77545557796549;-73.98193359375,40.774675604275465;-73.98244857788086
44,F,Regal Cinemas Battery Park,40.71499216,-74.01525132,4,40.71482596542741;-74.01637315750122,40.71602137168535;-74.01541829109192,40.71549279333405;-74.01394844055176,40.71389076869706;-74.01455998420715
45,F,Sunshine Cinema,40.723024,-73.989961,4,40.72181106286557;-73.98996949195862,40.723274669094465;-73.98923993110657,40.723636500117046;-73.9904522895813,40.72213224587771;-73.99103164672852