B,Mandarin Oriental,40.768971,-73.983044,10764,7225,3539,2126,2914,4422,1238,442,7216,272,2027,5406,2010,1
A,Battery Park,40.7032775,-74.0170279,10181,6713,3467,3586,2735,2384,1405,763,2764,339,1356,4946,2010,1
C,Literary Walk,40.7723522,-73.9715901,23,19,4,5,4,10,3,1,20,0,5,9,2010,1
B,The Greenwich Hotel,40.719846,-74.009893,17901,12331,5570,4045,3571,8651,1517,665,8589,219,3778,9124,2010,1
A,Riverside Park,40.8012339,-73.9723096,248597,169388,79209,37255,62734,105713,41887,13958,125177,4792,38572,124213,2010,1
C,Ricahrd Morris Hunt Memorial,40.7714825,-73.9677474,729,447,281,246,328,114,37,26,523,3,93,358,2010,1
B,Trump SoHo Hotel,40.725469,-74.005333,1541,1126,415,496,492,322,225,71,878,8,366,806,2010,1
C,107th Infantry Memorial,40.769249,-73.9694586,1218,897,321,331,419,381,81,51,879,18,212,676,2010,1
B,The Mark Hotel,40.775274,-73.963405,8120,5922,2197,2165,3042,2435,451,336,5994,43,1378,4159,2010,1
E,Museum of National History,40.7813241,-73.9739882,10490,5357,5132,3286,5286,1577,330,745,6372,69,1217,4869,2010,1
C,911 Memorial,40.7115405,-74.0132725,28094,19718,8376,8992,6123,7134,5577,1714,11098,1049,4970,14135,2010,1
B,The Pierre Hotel,40.765247,-73.971998,3673,2537,1136,865,1396,1210,189,197,2645,41,620,1842,2010,1
E,Metropolitan Museum of Art,40.7791865,-73.9635348,9172,4980,4191,2805,4359,1765,235,315,5209,50,1124,4446,2010,1
C,Grants Tomb,40.8134045,-73.9630671,1613,1055,558,227,325,643,395,95,629,61,276,829,2010,1
B,Gramercy Park Hotel,40.738524,-73.985742,9617,6168,3449,955,1889,4761,1972,541,6379,129,2064,4764,2010,1
A,Central Park,40.7711329,-73.9741874,713346,487197,226149,167485,219951,245309,77676,35816,455671,11209,118754,359154,2010,1
A,Rockaway Beach and Boardwalk,40.5863767,-73.8004768,87,61,25,7,16,27,34,17,18,49,9,46,2010,1
C,Grand Army Plaza,40.764591,-73.9736523,20400,13608,6792,6343,8120,4904,974,1166,15178,283,3409,10202,2010,1
B,Four Seasons Hotel,40.762347,-73.971312,17851,13767,4084,6728,4842,5089,1144,750,12798,265,3320,9189,2010,1
B,The Plaza,40.764464,-73.974489,7173,4952,2221,2183,2523,1962,488,414,5019,140,1184,3588,2010,1
C,Washington Square Arch,40.7314658,-73.9970956,22746,15112,7634,4564,5929,8445,3715,1163,13168,573,4444,11459,2010,1
B,The Surrey Hotel,40.774287,-73.96397,12132,8858,3274,2781,4583,4063,690,555,8850,109,1905,6190,2010,1
C,Statue of Liberty,40.6892494,-74.0445004,10181,6713,3467,3586,2735,2384,1405,763,2764,339,1356,4946,2010,1
C,Columbus Circle Fountain,40.767885,-73.982622,23221,15234,7987,4627,7627,9116,1752,1141,16294,320,4474,11712,2010,1
B,The Peninsula Hotel,40.761719,-73.975259,9719,6855,2864,3627,2910,2565,555,487,6739,191,1810,4975,2010,1
D,Orchard Beach,40.8629619,-73.7926456,1,0,1,0,1,0,0,0,1,0,0,1,2010,1
D,Long Beach,40.5884373,-73.657908,26,15,11,2,5,17,2,2,3,23,12,11,2010,1
A,Coney Island,40.5749261,-73.9859414,356,230,126,52,71,133,99,25,36,292,30,191,2010,1
A,Prospect Park,40.6602037,-73.9689558,19524,12121,7403,1490,2420,7272,8023,1274,2841,3337,2730,9925,2010,1
F,Regal Cinemas Battery Park,40.71499216,-74.01525132,20352,15056,5296,7308,4538,6353,1986,997,7162,1017,4282,10210,2010,1
D,Jones Beach,40.6298139,-73.5030099,1,1,0,0,1,0,0,0,1,0,0,1,2010,1
D,Fort Tilden Beach,40.564254,-73.883913,13,4,9,2,4,2,5,2,4,6,2,10,2010,1
F,Sunshine Cinema,40.723024,-73.989961,7689,3727,3962,418,1215,3283,2745,489,4872,112,1544,3787,2010,1
E,Broadway and Shubert Alley,40.7578253,-73.9871766,10407,6368,4039,1923,3133,4436,877,596,7227,208,1523,4969,2010,1
F,Broadway Theater,40.763417,-73.983394,8758,5672,3086,2039,1894,3097,1680,453,5725,302,1502,4250,2010,1
E,Empire State Building,40.7484405,-73.9856644,21770,14761,7009,5433,7222,6535,2507,1653,15487,220,3489,10644,2010,1
F,AMC Lowes Lincoln Square,40.774866,-73.981646,17182,9845,7337,2921,6120,7130,953,1255,12202,89,3076,8448,2010,1
D,Coney Island Beach,40.5749261,-73.9859414,356,230,126,52,71,133,99,25,36,292,30,191,2010,1
A,Bryant Park,40.7535965,-73.9832326,31594,24530,7064,13073,8568,6785,2982,1223,21626,561,7017,16418,2010,1
E,Rockefeller Center,40.7587402,-73.9786736,17894,12406,5488,6314,6734,4061,741,957,12707,203,3254,8904,2010,1
D,Rockaway beach and Boardwalk,40.5863767,-73.8004768,87,61,25,7,16,27,34,17,18,49,9,46,2010,1
A,State of liberty National Monument,40.6892494,-74.0445004,10181,6713,3467,3586,2735,2384,1405,763,2764,339,1356,4946,2010,1
E,Times Square,40.759011,-73.9844722,20185,12894,7291,3967,5279,8403,2410,927,13116,1055,3263,9717,2010,1
E,Rockefeller Center,40.7587402,-73.9786736,26903,19361,7542,11904,9267,4782,691,569,19098,397,6425,16146,2010,10
E,Times Square,40.759011,-73.9844722,27847,19174,8673,6615,6837,9747,4449,767,16942,2201,5594,15603,2010,10
C,Literary Walk,40.7723522,-73.9715901,24,17,7,1,8,8,6,3,12,0,3,11,2010,10
B,The Plaza,40.764464,-73.974489,13040,8979,4061,3739,4466,3919,880,325,8968,260,2984,7740,2010,10
D,Orchard Beach,40.8629619,-73.7926456,2,2,0,1,0,1,0,0,0,0,0,2,2010,10
D,Long Beach,40.5884373,-73.657908,14,10,4,3,3,8,0,0,2,12,3,12,2010,10
C,Ricahrd Morris Hunt Memorial,40.7714825,-73.9677474,1154,805,349,422,487,222,22,2,809,14,211,692,2010,10
C,107th Infantry Memorial,40.769249,-73.9694586,1794,1339,454,550,631,533,76,26,1390,24,352,1095,2010,10
A,Prospect Park,40.6602037,-73.9689558,27862,17096,10766,2006,3017,9775,12594,857,2925,5087,5167,16558,2010,10
C,911 Memorial,40.7115405,-74.0132725,51029,35582,15447,17680,11077,12397,9335,1531,17188,2503,11099,30108,2010,10
D,Jones Beach,40.6298139,-73.5030099,13,0,13,0,13,0,0,0,6,0,0,3,2010,10
A,Battery Park,40.7032775,-74.0170279,22632,12885,9746,8963,6021,4378,3104,683,5083,561,3062,12415,2010,10
E,Broadway and Shubert Alley,40.7578253,-73.9871766,17355,11390,5965,3220,4700,7650,1679,613,11587,520,3392,9495,2010,10
C,Grants Tomb,40.8134045,-73.9630671,2238,1355,882,336,473,902,510,60,766,61,417,1342,2010,10
E,Empire State Building,40.7484405,-73.9856644,36700,23785,12915,10224,9842,11370,5122,1090,26314,314,7283,20209,2010,10
C,Grand Army Plaza,40.764591,-73.9736523,32709,22545,10163,10662,12205,8112,1590,635,24524,385,7329,19299,2010,10
D,Coney Island Beach,40.5749261,-73.9859414,495,281,214,67,96,170,151,9,19,453,37,285,2010,10
C,Washington Square Arch,40.7314658,-73.9970956,41881,27620,14261,9811,11331,14551,6088,1116,24483,809,10778,24807,2010,10
D,Rockaway beach and Boardwalk,40.5863767,-73.8004768,111,69,41,11,22,29,41,6,10,87,12,60,2010,10
C,Columbus Circle Fountain,40.767885,-73.982622,34025,22951,11074,8044,10014,13058,2724,995,22801,572,8784,20379,2010,10
B,Mandarin Oriental,40.768971,-73.983044,19122,13102,6019,4125,4441,7343,3057,555,12036,520,5255,11681,2010,10
A,Riverside Park,40.8012339,-73.9723096,349239,235480,113758,55324,86970,144796,60508,10442,165583,6342,73268,208788,2010,10
B,The Greenwich Hotel,40.719846,-74.009893,30032,20940,9092,7889,5623,13678,2691,764,13691,326,8512,18016,2010,10
A,Central Park,40.7711329,-73.9741874,1010213,703365,306847,237262,310232,350026,108122,27913,630258,16789,223597,600753,2010,10
B,Trump SoHo Hotel,40.725469,-74.005333,11757,7639,4118,1673,2567,4390,3061,327,5958,685,2689,6776,2010,10
B,The Mark Hotel,40.775274,-73.963405,14467,10753,3714,3571,4302,5534,999,358,10727,58,3157,8875,2010,10
A,Bryant Park,40.7535965,-73.9832326,46339,36193,10146,19655,13749,9726,2853,1184,31407,933,13972,28294,2010,10
B,The Pierre Hotel,40.765247,-73.971998,6696,4834,1862,1885,2010,2341,440,116,4719,123,1535,4018,2010,10
D,Fort Tilden Beach,40.564254,-73.883913,22,7,15,10,6,3,1,0,0,20,1,11,2010,10
B,Gramercy Park Hotel,40.738524,-73.985742,15000,10020,4980,1646,2739,7311,3251,430,9788,375,3906,8695,2010,10
B,Four Seasons Hotel,40.762347,-73.971312,28525,21729,6796,10044,7640,7362,3394,896,19825,464,7289,17750,2010,10
B,The Surrey Hotel,40.774287,-73.96397,19260,14259,5001,4740,5998,6928,1553,446,13607,175,3893,11703,2010,10
C,Statue of Liberty,40.6892494,-74.0445004,22632,12885,9746,8963,6021,4378,3104,683,5083,561,3062,12415,2010,10
F,Regal Cinemas Battery Park,40.71499216,-74.01525132,27748,20547,7201,10132,5514,8519,3427,950,8432,1811,7244,16736,2010,10
A,State of liberty National Monument,40.6892494,-74.0445004,22632,12885,9746,8963,6021,4378,3104,683,5083,561,3062,12415,2010,10
E,Museum of National History,40.7813241,-73.9739882,13642,8576,5066,5021,6219,2004,384,479,7890,67,1774,7133,2010,10
A,Rockaway Beach and Boardwalk,40.5863767,-73.8004768,111,69,41,11,22,29,41,6,10,87,12,60,2010,10
F,Sunshine Cinema,40.723024,-73.989961,10393,5355,5038,537,1394,4357,4062,207,6267,170,2810,5775,2010,10
B,The Peninsula Hotel,40.761719,-73.975259,14264,10704,3560,5510,3861,3665,1134,277,9914,376,3537,8859,2010,10
E,Metropolitan Museum of Art,40.7791865,-73.9635348,15531,10106,5425,6464,6320,2526,205,352,8189,45,2089,8623,2010,10
F,Broadway Theater,40.763417,-73.983394,14532,9907,4625,2908,3231,5863,2451,389,9440,594,2975,8076,2010,10
A,Coney Island,40.5749261,-73.9859414,495,281,214,67,96,170,151,9,19,453,37,285,2010,10
F,AMC Lowes Lincoln Square,40.774866,-73.981646,18064,11573,6491,3119,5795,7796,1273,497,13124,147,4718,11012,2010,10
C,Statue of Liberty,40.6892494,-74.0445004,20852,13138,7714,8294,5389,4031,2830,1173,4597,492,2836,11401,2010,11
E,Rockefeller Center,40.7587402,-73.9786736,28719,21150,7569,12785,9340,5427,850,1425,20921,340,6727,16783,2010,11
A,Rockaway Beach and Boardwalk,40.5863767,-73.8004768,114,69,44,11,16,34,48,5,8,92,8,65,2010,11
B,The Peninsula Hotel,40.761719,-73.975259,14531,10926,3605,5513,3971,3895,1019,695,10396,315,3804,8963,2010,11
E,Times Square,40.759011,-73.9844722,30030,21707,8323,7266,7254,11166,4119,1522,19090,1936,6374,16831,2010,11
D,Orchard Beach,40.8629619,-73.7926456,5,5,0,5,0,0,0,0,5,0,0,1,2010,11
C,Literary Walk,40.7723522,-73.9715901,11,8,3,2,2,5,1,1,5,0,1,7,2010,11
D,Long Beach,40.5884373,-73.657908,30,16,14,3,4,10,12,4,6,22,18,18,2010,11
A,Battery Park,40.7032775,-74.0170279,20852,13138,7714,8294,5389,4031,2830,1173,4597,492,2836,11401,2010,11
C,Ricahrd Morris Hunt Memorial,40.7714825,-73.9677474,1069,810,259,381,493,170,21,50,792,9,189,635,2010,11
C,107th Infantry Memorial,40.769249,-73.9694586,2098,1614,483,689,674,633,96,223,1704,13,377,1235,2010,11
D,Jones Beach,40.6298139,-73.5030099,1,1,0,0,1,0,0,0,1,0,0,1,2010,11
C,911 Memorial,40.7115405,-74.0132725,47939,35069,12870,16913,11161,11046,8315,2691,16136,2121,10713,28165,2010,11
E,Broadway and Shubert Alley,40.7578253,-73.9871766,17995,12382,5613,3033,5087,7776,1977,1190,12283,486,3542,9794,2010,11
A,Bryant Park,40.7535965,-73.9832326,47169,37253,9916,19678,13845,9754,3317,2613,32094,973,13779,28205,2010,11
B,The Plaza,40.764464,-73.974489,13500,9503,3996,3640,5139,3805,838,665,9515,260,2989,7870,2010,11
C,Grants Tomb,40.8134045,-73.9630671,2029,1346,683,304,453,777,480,139,696,60,386,1180,2010,11
E,Empire State Building,40.7484405,-73.9856644,34174,23364,10810,9564,9898,9988,4588,2292,24419,331,6788,18822,2010,11
C,Grand Army Plaza,40.764591,-73.9736523,34932,24871,10060,11367,13394,8323,1674,2181,26234,452,7675,20172,2010,11
D,Coney Island Beach,40.5749261,-73.9859414,507,345,162,62,107,175,144,36,38,433,64,292,2010,11
A,Coney Island,40.5749261,-73.9859414,507,345,162,62,107,175,144,36,38,433,64,292,2010,11
C,Washington Square Arch,40.7314658,-73.9970956,34663,24385,10278,7562,9614,12713,4683,1612,20402,781,9267,20911,2010,11
D,Rockaway beach and Boardwalk,40.5863767,-73.8004768,114,69,44,11,16,34,48,5,8,92,8,65,2010,11
A,Riverside Park,40.8012339,-73.9723096,349051,250667,98384,52438,88636,147411,59065,23051,167272,5955,74720,207108,2010,11
C,Columbus Circle Fountain,40.767885,-73.982622,33507,23744,9762,7728,10475,12559,2493,1756,22758,505,8708,19926,2010,11
B,Mandarin Oriental,40.768971,-73.983044,18850,13804,5045,4070,4173,7649,2810,1194,12150,489,5154,11433,2010,11
B,The Greenwich Hotel,40.719846,-74.009893,28804,21078,7726,7443,5399,13536,2318,1540,12896,376,7911,17148,2010,11
A,State of liberty National Monument,40.6892494,-74.0445004,20852,13138,7714,8294,5389,4031,2830,1173,4597,492,2836,11401,2010,11
B,Trump SoHo Hotel,40.725469,-74.005333,11058,7840,3218,1637,2557,4346,2452,788,5507,687,2351,6302,2010,11
B,The Mark Hotel,40.775274,-73.963405,16137,12254,3883,3823,5268,5931,1075,888,11787,121,3476,9820,2010,11
D,Fort Tilden Beach,40.564254,-73.883913,7,4,3,0,0,2,5,0,0,7,0,4,2010,11
F,Regal Cinemas Battery Park,40.71499216,-74.01525132,27282,21069,6213,9765,5886,8499,2951,1661,8319,1786,7029,16162,2010,11
B,The Pierre Hotel,40.765247,-73.971998,6695,4841,1854,1886,2515,1989,282,525,4854,106,1552,3923,2010,11
A,Prospect Park,40.6602037,-73.9689558,28004,18026,9978,1815,3006,10089,12682,1924,2814,5211,5144,16512,2010,11
E,Museum of National History,40.7813241,-73.9739882,15121,10339,4782,5414,6845,2476,378,522,8909,65,2102,7813,2010,11
F,Sunshine Cinema,40.723024,-73.989961,10231,5542,4689,474,1556,4772,3401,525,6246,162,2693,5664,2010,11
B,Gramercy Park Hotel,40.738524,-73.985742,14978,10313,4665,1623,2969,7557,2790,889,10075,324,3760,8599,2010,11
E,Metropolitan Museum of Art,40.7791865,-73.9635348,13977,9491,4485,5475,5818,2473,192,526,7557,48,2090,7775,2010,11
F,Broadway Theater,40.763417,-73.983394,14137,10090,4047,2521,3585,5808,2163,826,9381,584,2881,7922,2010,11
B,Four Seasons Hotel,40.762347,-73.971312,30354,23633,6721,10295,8433,8662,2875,1532,21393,427,7835,18481,2010,11
A,Central Park,40.7711329,-73.9741874,1019349,748835,270514,240428,321213,348318,104556,62289,650009,16678,229366,600022,2010,11
F,AMC Lowes Lincoln Square,40.774866,-73.981646,20555,13334,7221,3534,6981,8559,1349,1300,14519,177,5148,11945,2010,11
B,The Surrey Hotel,40.774287,-73.96397,21318,16414,4904,5112,6989,7593,1572,1259,15019,200,4401,12742,2010,11
C,Statue of Liberty,40.6892494,-74.0445004,19392,13981,5410,7529,5017,4022,2715,1549,4471,512,2668,10443,2010,12
E,Rockefeller Center,40.7587402,-73.9786736,29719,22316,7403,12584,8944,6317,1628,1876,22054,389,6587,16612,2010,12
A,Rockaway Beach and Boardwalk,40.5863767,-73.8004768,121,76,45,9,25,48,35,10,8,90,16,70,2010,12
B,The Peninsula Hotel,40.761719,-73.975259,14263,11009,3254,5500,3875,3739,1048,953,10308,229,3685,8551,2010,12
E,Times Square,40.759011,-73.9844722,27214,19993,7221,6779,7625,9185,3473,1096,17704,2011,5504,14831,2010,12
D,Orchard Beach,40.8629619,-73.7926456,1,1,0,0,1,0,0,0,0,0,0,1,2010,12
C,Literary Walk,40.7723522,-73.9715901,6,5,1,2,1,3,0,0,3,0,0,3,2010,12
D,Long Beach,40.5884373,-73.657908,24,13,11,3,5,5,10,3,3,20,25,17,2010,12
A,Battery Park,40.7032775,-74.0170279,19392,13981,5410,7529,5017,4022,2715,1549,4471,511,2668,10443,2010,12
C,Ricahrd Morris Hunt Memorial,40.7714825,-73.9677474,1111,842,268,362,511,202,35,57,816,5,198,641,2010,12
C,107th Infantry Memorial,40.769249,-73.9694586,1951,1569,382,386,814,627,116,107,1593,10,401,1178,2010,12
D,Jones Beach,40.6298139,-73.5030099,4,4,0,1,0,2,1,1,3,0,1,3,2010,12
C,911 Memorial,40.7115405,-74.0132725,48660,36771,11889,17811,9992,11632,8750,2425,16824,1996,10770,28531,2010,12
E,Broadway and Shubert Alley,40.7578253,-73.9871766,16638,11288,5350,3040,5227,6583,1675,714,11223,547,3227,9005,2010,12
A,Bryant Park,40.7535965,-73.9832326,47387,37416,9971,19035,13868,10898,3243,2229,32449,885,14001,27997,2010,12
B,The Plaza,40.764464,-73.974489,14855,10597,4257,4095,5873,3859,984,886,10740,247,3172,8376,2010,12
C,Grants Tomb,40.8134045,-73.9630671,2034,1397,637,277,424,859,462,125,823,69,395,1192,2010,12
E,Empire State Building,40.7484405,-73.9856644,34914,25408,9506,8707,11212,10332,4561,2467,25297,255,6993,18971,2010,12
C,Grand Army Plaza,40.764591,-73.9736523,36548,26040,10508,11635,14600,8514,1653,2626,28113,401,8244,20702,2010,12
D,Coney Island Beach,40.5749261,-73.9859414,477,341,136,61,94,154,153,32,31,420,42,280,2010,12
A,Coney Island,40.5749261,-73.9859414,477,341,136,61,94,154,153,32,31,420,42,280,2010,12
C,Washington Square Arch,40.7314658,-73.9970956,31423,23023,8400,6342,8437,11973,4577,1487,19433,594,8635,18550,2010,12
D,Rockaway beach and Boardwalk,40.5863767,-73.8004768,121,76,45,9,25,48,35,10,8,90,16,70,2010,12
A,Riverside Park,40.8012339,-73.9723096,346323,255762,90561,49896,87767,146383,60783,20667,174471,5516,75498,204839,2010,12
C,Columbus Circle Fountain,40.767885,-73.982622,33904,24721,9182,7747,11572,11832,2578,2141,23759,395,8677,19736,2010,12
B,Mandarin Oriental,40.768971,-73.983044,17487,12973,4514,3365,4195,7199,2582,948,11259,396,4878,10559,2010,12
B,The Greenwich Hotel,40.719846,-74.009893,28116,21255,6861,6951,5742,12753,2546,1468,13414,286,7835,16667,2010,12
A,State of liberty National Monument,40.6892494,-74.0445004,19392,13981,5410,7529,5017,4022,2715,1549,4471,512,2668,10443,2010,12
B,Trump SoHo Hotel,40.725469,-74.005333,11107,7979,3128,1481,2504,4159,2919,763,5682,636,2236,6177,2010,12
B,The Mark Hotel,40.775274,-73.963405,14884,11582,3302,3429,5281,5163,973,746,11181,104,3248,8883,2010,12
D,Fort Tilden Beach,40.564254,-73.883913,30,22,8,7,5,8,10,5,2,26,1,15,2010,12
F,Regal Cinemas Battery Park,40.71499216,-74.01525132,25830,20438,5392,8538,6139,7710,3272,1166,8141,1556,6571,15209,2010,12
B,The Pierre Hotel,40.765247,-73.971998,6955,5111,1843,1627,2682,2254,361,473,5096,104,1572,3945,2010,12
A,Prospect Park,40.6602037,-73.9689558,26907,18642,8265,1755,2519,9372,12816,1862,3030,5207,4912,15942,2010,12
E,Museum of National History,40.7813241,-73.9739882,17592,11938,5654,6753,8527,1951,346,1208,10397,76,2227,8729,2010,12
F,Sunshine Cinema,40.723024,-73.989961,9215,5499,3716,427,1383,4060,3282,759,5841,154,2526,5252,2010,12
B,Gramercy Park Hotel,40.738524,-73.985742,14490,10510,3980,1493,3093,7188,2697,955,9780,348,3658,8242,2010,12
E,Metropolitan Museum of Art,40.7791865,-73.9635348,15139,10640,4499,5369,7099,2418,245,972,8363,35,2181,8190,2010,12
F,Broadway Theater,40.763417,-73.983394,13429,9788,3641,2729,3427,4815,2389,478,9045,545,2709,7461,2010,12
B,Four Seasons Hotel,40.762347,-73.971312,30062,23910,6152,10941,8556,7896,2604,1814,21333,383,7732,17955,2010,12
A,Central Park,40.7711329,-73.9741874,1010079,752097,257981,234650,322945,337845,110741,59429,658058,14495,229587,590261,2010,12
F,AMC Lowes Lincoln Square,40.774866,-73.981646,20567,13422,7145,3668,7634,7765,1421,1366,15012,100,5249,12080,2010,12
B,The Surrey Hotel,40.774287,-73.96397,21360,16534,4826,4731,7201,7691,1698,1227,15309,214,4339,12550,2010,12
E,Museum of National History,40.7813241,-73.9739882,6867,4167,2700,2440,3397,903,115,441,4051,20,774,3077,2010,2
E,Rockefeller Center,40.7587402,-73.9786736,11388,8231,3157,3988,4837,2188,295,592,8053,140,2042,5514,2010,2
E,Metropolitan Museum of Art,40.7791865,-73.9635348,5798,3755,2043,1837,2910,939,108,264,3195,14,719,2659,2010,2
E,Times Square,40.759011,-73.9844722,12596,8720,3876,2593,3820,4486,1636,685,8339,703,2181,5746,2010,2
A,Coney Island,40.5749261,-73.9859414,224,158,66,40,52,72,56,7,22,189,18,115,2010,2
A,Bryant Park,40.7535965,-73.9832326,25494,20058,5436,9920,7513,6265,1627,1439,17535,351,6710,12692,2010,2
A,Battery Park,40.7032775,-74.0170279,6475,4230,2244,2310,1614,1523,991,370,1608,175,888,3046,2010,2
A,Rockaway Beach and Boardwalk,40.5863767,-73.8004768,60,38,22,4,11,22,21,3,10,41,25,33,2010,2
B,Mandarin Oriental,40.768971,-73.983044,6905,4971,1934,1410,1891,2733,830,265,4680,142,1430,3337,2010,2
D,Fort Tilden Beach,40.564254,-73.883913,4,1,3,0,0,0,4,0,0,3,0,3,2010,2
B,The Greenwich Hotel,40.719846,-74.009893,11719,8184,3535,3034,2377,5178,1055,473,5542,122,2675,5760,2010,2
D,Orchard Beach,40.8629619,-73.7926456,6,0,6,1,0,5,0,0,1,0,2,2,2010,2
B,Trump SoHo Hotel,40.725469,-74.005333,1141,924,217,477,303,228,133,33,673,7,302,556,2010,2
D,Long Beach,40.5884373,-73.657908,21,11,10,0,5,10,6,2,10,11,21,10,2010,2
B,The Mark Hotel,40.775274,-73.963405,5527,4143,1384,1497,2199,1547,266,222,4003,21,969,2736,2010,2
B,The Pierre Hotel,40.765247,-73.971998,2228,1633,595,640,887,589,108,84,1599,26,389,1100,2010,2
A,Central Park,40.7711329,-73.9741874,435580,310325,125254,103981,131060,154465,44347,17690,275767,5829,76890,211979,2010,2
A,Prospect Park,40.6602037,-73.9689558,11952,7287,4665,850,1133,4496,5287,554,1284,2148,1831,5890,2010,2
A,State of liberty National Monument,40.6892494,-74.0445004,6475,4230,2244,2310,1614,1523,991,370,1608,175,888,3046,2010,2
A,Riverside Park,40.8012339,-73.9723096,153798,107193,46604,23256,39050,65088,25594,6196,75509,2190,25249,74224,2010,2
B,The Plaza,40.764464,-73.974489,4546,3178,1368,1485,1564,1203,284,227,3180,68,854,2238,2010,2
D,Jones Beach,40.6298139,-73.5030099,5,5,0,0,0,5,0,0,5,0,0,1,2010,2
B,Gramercy Park Hotel,40.738524,-73.985742,7161,4638,2523,621,1410,3182,1939,462,4830,95,1566,3300,2010,2
C,Literary Walk,40.7723522,-73.9715901,8,7,0,2,1,4,0,2,5,0,1,4,2010,2
E,Broadway and Shubert Alley,40.7578253,-73.9871766,6371,4228,2143,1225,1932,2625,565,329,4499,147,1070,3015,2010,2
B,Four Seasons Hotel,40.762347,-73.971312,11226,8887,2339,4361,3349,2879,607,383,7936,144,2229,5577,2010,2
C,Ricahrd Morris Hunt Memorial,40.7714825,-73.9677474,478,280,197,157,166,105,48,11,315,3,80,274,2010,2
E,Empire State Building,40.7484405,-73.9856644,13609,9424,4185,3955,4319,3831,1459,750,9789,108,2265,6341,2010,2
B,The Surrey Hotel,40.774287,-73.96397,7459,5545,1914,1743,2685,2610,415,297,5293,41,1279,3674,2010,2
C,Statue of Liberty,40.6892494,-74.0445004,6475,4230,2244,2310,1614,1523,991,370,1608,175,888,3046,2010,2
C,107th Infantry Memorial,40.769249,-73.9694586,754,558,196,221,272,205,54,35,598,4,130,360,2010,2
D,Coney Island Beach,40.5749261,-73.9859414,224,158,66,40,52,72,56,7,22,189,18,115,2010,2
B,The Peninsula Hotel,40.761719,-73.975259,6450,4829,1621,2479,1969,1556,408,248,4518,112,1278,3122,2010,2
C,911 Memorial,40.7115405,-74.0132725,17457,12342,5115,5716,3494,4625,3441,721,6791,695,3408,8585,2010,2
D,Rockaway beach and Boardwalk,40.5863767,-73.8004768,60,38,22,4,11,22,21,3,10,41,25,33,2010,2
F,Regal Cinemas Battery Park,40.71499216,-74.01525132,12724,9720,3004,4908,2967,3510,1262,475,4083,723,2732,6149,2010,2
C,Grants Tomb,40.8134045,-73.9630671,1102,680,421,136,194,439,323,44,501,17,168,505,2010,2
F,Sunshine Cinema,40.723024,-73.989961,4550,2235,2315,170,636,2068,1669,139,2724,68,957,2169,2010,2
C,Grand Army Plaza,40.764591,-73.9736523,12750,8968,3782,4130,5145,2903,531,568,9454,123,2368,6166,2010,2
F,Broadway Theater,40.763417,-73.983394,5675,4010,1665,1489,1223,1950,989,183,3765,197,951,2721,2010,2
C,Washington Square Arch,40.7314658,-73.9970956,16767,11420,5347,3380,4450,6457,2427,596,10221,294,3910,8096,2010,2
F,AMC Lowes Lincoln Square,40.774866,-73.981646,9047,5635,3412,1389,3150,3840,617,547,6341,52,1745,4391,2010,2
C,Columbus Circle Fountain,40.767885,-73.982622,14905,10335,4569,3313,4714,5731,1096,702,10195,179,3012,7197,2010,2
C,Literary Walk,40.7723522,-73.9715901,15,15,0,4,5,4,1,0,9,0,3,10,2010,3
D,Orchard Beach,40.8629619,-73.7926456,1,1,0,1,0,0,0,0,1,0,0,1,2010,3
C,Ricahrd Morris Hunt Memorial,40.7714825,-73.9677474,592,406,185,190,291,93,15,0,447,2,78,270,2010,3
D,Long Beach,40.5884373,-73.657908,10,4,6,1,6,2,1,0,3,6,11,6,2010,3
A,Bryant Park,40.7535965,-73.9832326,24539,20462,4077,10162,6785,5981,1422,0,17007,429,6227,12378,2010,3
A,Rockaway Beach and Boardwalk,40.5863767,-73.8004768,69,50,19,11,7,26,24,0,5,61,9,33,2010,3
C,107th Infantry Memorial,40.769249,-73.9694586,875,683,192,242,322,264,45,0,659,11,125,409,2010,3
C,911 Memorial,40.7115405,-74.0132725,22442,16808,5634,7508,4413,6297,4031,0,8322,952,4284,10986,2010,3
A,Central Park,40.7711329,-73.9741874,508249,381251,126998,122861,152002,178470,52586,0,316718,8416,90689,247973,2010,3
A,State of liberty National Monument,40.6892494,-74.0445004,8651,6156,2494,3316,2316,1921,1055,0,2068,287,1140,4069,2010,3
B,The Plaza,40.764464,-73.974489,4996,3825,1170,1614,1649,1380,331,0,3481,117,935,2460,2010,3
C,Grants Tomb,40.8134045,-73.9630671,1138,793,345,145,225,470,287,0,404,42,175,557,2010,3
E,Broadway and Shubert Alley,40.7578253,-73.9871766,7585,5254,2331,1380,2284,3228,648,0,5352,205,1302,3522,2010,3
E,Empire State Building,40.7484405,-73.9856644,17120,12810,4310,4691,5094,5354,1896,0,12350,124,3142,8075,2010,3
C,Grand Army Plaza,40.764591,-73.9736523,14421,10749,3671,5008,5659,3098,580,0,10848,220,2728,6962,2010,3
D,Coney Island Beach,40.5749261,-73.9859414,267,184,82,35,45,94,85,0,7,242,14,131,2010,3
C,Washington Square Arch,40.7314658,-73.9970956,20289,15230,5059,4454,5717,7389,2683,0,11781,496,4322,9864,2010,3
C,Columbus Circle Fountain,40.767885,-73.982622,16813,11950,4863,4084,5340,6211,1138,0,11612,231,3560,8167,2010,3
D,Rockaway beach and Boardwalk,40.5863767,-73.8004768,69,50,19,11,7,26,24,0,5,61,9,33,2010,3
B,Mandarin Oriental,40.768971,-73.983044,8074,6082,1992,1680,2117,3224,1011,0,5215,213,1795,4007,2010,3
B,The Greenwich Hotel,40.719846,-74.009893,13145,9996,3149,3649,2564,5773,1114,0,5896,141,2831,6414,2010,3
B,Trump SoHo Hotel,40.725469,-74.005333,1422,1166,256,571,340,346,158,0,840,6,389,720,2010,3
B,The Mark Hotel,40.775274,-73.963405,6423,5098,1325,1716,2405,1938,342,0,4630,33,1188,3232,2010,3
A,Coney Island,40.5749261,-73.9859414,267,184,82,35,45,94,85,0,7,242,14,131,2010,3
A,Battery Park,40.7032775,-74.0170279,8651,6156,2494,3316,2316,1921,1055,0,2068,287,1140,4069,2010,3
B,The Pierre Hotel,40.765247,-73.971998,2781,2104,676,853,1053,722,133,0,2003,45,497,1365,2010,3
D,Fort Tilden Beach,40.564254,-73.883913,35,19,16,21,1,7,6,0,19,8,4,15,2010,3
B,Gramercy Park Hotel,40.738524,-73.985742,6935,4955,1980,670,1556,3173,1519,0,4763,121,1523,3325,2010,3
E,Museum of National History,40.7813241,-73.9739882,8722,5684,3038,3121,4315,1070,213,0,4973,37,970,3851,2010,3
F,Regal Cinemas Battery Park,40.71499216,-74.01525132,15193,12368,2825,6667,3147,3921,1384,0,4542,971,3277,7427,2010,3
B,Four Seasons Hotel,40.762347,-73.971312,13334,11095,2239,5542,4087,2976,704,0,9782,222,2715,6694,2010,3
A,Prospect Park,40.6602037,-73.9689558,14157,9742,4415,860,1348,5372,6373,0,1414,2663,2024,6986,2010,3
A,Riverside Park,40.8012339,-73.9723096,174647,128695,45952,27450,44529,73830,28138,0,83285,3404,28807,84448,2010,3
B,The Surrey Hotel,40.774287,-73.96397,8808,6974,1833,2193,3027,3046,517,0,6212,86,1383,4293,2010,3
F,Sunshine Cinema,40.723024,-73.989961,5091,2834,2257,298,781,2358,1639,0,3217,61,1072,2361,2010,3
E,Metropolitan Museum of Art,40.7791865,-73.9635348,7169,4566,2602,2674,3388,996,100,0,3599,18,790,3275,2010,3
C,Statue of Liberty,40.6892494,-74.0445004,8651,6156,2494,3316,2316,1921,1055,0,2068,287,1140,4069,2010,3
F,Broadway Theater,40.763417,-73.983394,6969,5114,1855,1585,1651,2401,1282,0,4592,250,1364,3309,2010,3
B,The Peninsula Hotel,40.761719,-73.975259,7147,5644,1503,2621,2407,1515,559,0,5082,185,1316,3563,2010,3
F,AMC Lowes Lincoln Square,40.774866,-73.981646,9420,6047,3373,1472,3067,4190,652,0,6540,63,1863,4513,2010,3
E,Rockefeller Center,40.7587402,-73.9786736,13360,10091,3269,5469,5407,2121,276,0,9832,191,2630,6592,2010,3
E,Times Square,40.759011,-73.9844722,15886,11512,4374,3137,4966,5590,2113,0,10289,1078,2789,7383,2010,3
B,Mandarin Oriental,40.768971,-73.983044,11266,8405,2861,2611,2896,4383,1314,0,7210,331,2427,5807,2010,4
A,Battery Park,40.7032775,-74.0170279,13806,9631,4175,5433,3774,2911,1611,0,3077,400,1655,6524,2010,4
C,Literary Walk,40.7723522,-73.9715901,13,10,3,4,1,6,2,0,8,0,2,7,2010,4
B,The Greenwich Hotel,40.719846,-74.009893,19743,14707,5036,5299,3811,8935,1635,0,9001,294,4321,10011,2010,4
A,Riverside Park,40.8012339,-73.9723096,244050,177962,66088,38491,62209,103317,39092,0,116341,4442,42469,123202,2010,4
C,Ricahrd Morris Hunt Memorial,40.7714825,-73.9677474,787,564,223,242,372,159,11,0,569,10,113,397,2010,4
B,Trump SoHo Hotel,40.725469,-74.005333,4081,3180,901,848,906,1559,734,0,2239,158,993,2044,2010,4
C,107th Infantry Memorial,40.769249,-73.9694586,1418,1048,370,412,523,411,68,0,1073,12,224,713,2010,4
B,The Mark Hotel,40.775274,-73.963405,9907,7849,2057,2454,3508,3385,519,0,7187,40,1694,5099,2010,4
E,Museum of National History,40.7813241,-73.9739882,10623,7052,3571,3948,4785,1611,274,0,5993,62,1127,4897,2010,4
C,911 Memorial,40.7115405,-74.0132725,31982,24191,7791,11155,5902,8764,5930,0,11696,1475,6447,16439,2010,4
B,The Pierre Hotel,40.765247,-73.971998,4426,3357,1069,1224,1508,1441,236,0,3015,104,809,2266,2010,4
E,Metropolitan Museum of Art,40.7791865,-73.9635348,9845,6999,2846,3909,3808,1946,170,0,5242,47,1188,4779,2010,4
C,Grants Tomb,40.8134045,-73.9630671,1511,1031,480,253,280,582,386,0,535,37,235,768,2010,4
B,Gramercy Park Hotel,40.738524,-73.985742,10177,7333,2844,950,2073,4768,2361,0,6718,224,2228,5047,2010,4
A,Central Park,40.7711329,-73.9741874,727693,543303,184390,175865,216003,257338,75556,0,452289,12528,130718,366410,2010,4
A,Rockaway Beach and Boardwalk,40.5863767,-73.8004768,96,66,30,8,8,38,40,0,4,86,5,47,2010,4
C,Grand Army Plaza,40.764591,-73.9736523,21365,15752,5613,7055,7845,5227,1122,0,15649,282,3788,10678,2010,4
B,Four Seasons Hotel,40.762347,-73.971312,17465,14385,3080,6547,5580,4298,992,0,12714,265,3551,9120,2010,4
B,The Plaza,40.764464,-73.974489,7253,5366,1887,2123,2561,2111,434,0,4977,146,1285,3665,2010,4
C,Washington Square Arch,40.7314658,-73.9970956,30184,21129,9055,6484,8536,10982,4105,0,17245,608,6519,15176,2010,4
B,The Surrey Hotel,40.774287,-73.96397,12957,10139,2818,3227,4481,4370,856,0,9362,151,2113,6529,2010,4
C,Statue of Liberty,40.6892494,-74.0445004,13806,9631,4174,5433,3774,2911,1611,0,3077,400,1655,6524,2010,4
C,Columbus Circle Fountain,40.767885,-73.982622,23462,17104,6357,5578,7289,8862,1637,0,15760,380,4895,11867,2010,4
B,The Peninsula Hotel,40.761719,-73.975259,10747,8519,2228,3568,3680,2605,835,0,7441,229,2051,5512,2010,4
D,Orchard Beach,40.8629619,-73.7926456,6,2,4,2,1,2,1,0,3,0,4,5,2010,4
D,Long Beach,40.5884373,-73.657908,18,16,2,2,7,5,4,0,0,8,3,9,2010,4
A,Coney Island,40.5749261,-73.9859414,423,284,139,58,97,167,90,0,41,352,32,211,2010,4
A,Prospect Park,40.6602037,-73.9689558,21013,13816,7197,1552,2531,7800,8860,0,2540,3742,3295,10672,2010,4
F,Regal Cinemas Battery Park,40.71499216,-74.01525132,19740,15862,3878,7521,4476,5821,1836,0,5884,1258,4150,9976,2010,4
D,Fort Tilden Beach,40.564254,-73.883913,12,12,0,2,0,2,8,0,2,10,0,8,2010,4
F,Sunshine Cinema,40.723024,-73.989961,7218,4061,3157,322,915,3571,2379,0,4320,151,1524,3506,2010,4
E,Broadway and Shubert Alley,40.7578253,-73.9871766,10203,7283,2920,1895,3028,4199,1012,0,6974,301,1737,4967,2010,4
F,Broadway Theater,40.763417,-73.983394,8603,6263,2340,1955,1804,3391,1429,0,5594,352,1565,4163,2010,4
E,Empire State Building,40.7484405,-73.9856644,23520,17360,6160,6232,6649,7955,2606,0,16945,209,3795,11156,2010,4
F,AMC Lowes Lincoln Square,40.774866,-73.981646,11439,7729,3710,2085,3111,5287,885,0,7918,105,2312,5721,2010,4
D,Coney Island Beach,40.5749261,-73.9859414,423,284,139,58,97,167,90,0,41,352,32,211,2010,4
A,Bryant Park,40.7535965,-73.9832326,33193,26943,6250,13000,9450,8219,2288,0,22292,786,8042,17185,2010,4
E,Rockefeller Center,40.7587402,-73.9786736,19285,14859,4426,7903,7505,3204,554,0,13468,317,3771,9560,2010,4
D,Rockaway beach and Boardwalk,40.5863767,-73.8004768,96,66,30,8,8,38,40,0,4,86,5,47,2010,4
A,State of liberty National Monument,40.6892494,-74.0445004,13806,9631,4174,5433,3774,2911,1611,0,3077,400,1655,6524,2010,4
E,Times Square,40.759011,-73.9844722,19325,14059,5266,4098,5513,7035,2585,0,12182,1322,3208,9190,2010,4
C,Statue of Liberty,40.6892494,-74.0445004,13645,8444,5200,5009,3854,3015,1717,451,3095,429,1677,6553,2010,5
D,Orchard Beach,40.8629619,-73.7926456,4,1,3,3,1,0,0,1,0,4,0,3,2010,5
A,Rockaway Beach and Boardwalk,40.5863767,-73.8004768,110,70,39,11,33,35,29,4,9,90,5,49,2010,5
B,The Peninsula Hotel,40.761719,-73.975259,10007,7452,2555,3539,2881,2823,712,150,6862,222,1852,5206,2010,5
D,Long Beach,40.5884373,-73.657908,21,16,5,5,4,9,2,0,2,19,37,12,2010,5
F,Regal Cinemas Battery Park,40.71499216,-74.01525132,20498,15343,5155,7434,4488,6016,2453,309,6199,1248,4288,10486,2010,5
A,Prospect Park,40.6602037,-73.9689558,22754,12907,9847,2180,2688,7601,9826,607,2371,4071,3466,11396,2010,5
F,Sunshine Cinema,40.723024,-73.989961,7813,4241,3572,392,1017,3798,2581,137,4731,114,1772,3768,2010,5
D,Jones Beach,40.6298139,-73.5030099,2,2,0,0,1,0,1,0,1,0,0,2,2010,5
F,Broadway Theater,40.763417,-73.983394,9198,6201,2997,2037,1956,3645,1507,114,5916,367,1676,4451,2010,5
D,Fort Tilden Beach,40.564254,-73.883913,12,8,4,1,1,1,9,0,0,7,0,6,2010,5
E,Broadway and Shubert Alley,40.7578253,-73.9871766,10931,7012,3919,2119,2829,4833,1110,242,7366,322,1840,5166,2010,5
E,Empire State Building,40.7484405,-73.9856644,23550,15673,7877,6442,6166,7986,2874,698,16637,247,3704,11231,2010,5
F,AMC Lowes Lincoln Square,40.774866,-73.981646,12491,8032,4459,2173,3308,5760,1188,329,8414,111,2507,6297,2010,5
D,Coney Island Beach,40.5749261,-73.9859414,479,279,199,86,107,162,101,19,27,419,31,233,2010,5
E,Rockefeller Center,40.7587402,-73.9786736,18394,13506,4888,8208,5907,3515,615,334,12995,260,3736,9375,2010,5
D,Rockaway beach and Boardwalk,40.5863767,-73.8004768,110,70,39,11,33,35,29,4,9,90,5,49,2010,5
A,Battery Park,40.7032775,-74.0170279,13645,8444,5200,5009,3854,3015,1717,450,3095,429,1677,6553,2010,5
E,Times Square,40.759011,-73.9844722,19470,13480,5990,4991,4907,7004,2476,482,11853,1605,3314,9388,2010,5
A,Central Park,40.7711329,-73.9741874,740274,516957,223316,171319,227834,256519,81170,14851,460277,12364,135555,373452,2010,5
B,The Plaza,40.764464,-73.974489,8039,5669,2370,2423,2583,2379,630,137,5465,199,1491,4025,2010,5
A,Bryant Park,40.7535965,-73.9832326,31835,24681,7154,11940,9256,8092,2361,435,20902,613,7877,16581,2010,5
A,Riverside Park,40.8012339,-73.9723096,252011,172954,79057,40278,65280,104426,40958,4843,119993,4520,43473,127101,2010,5
C,Literary Walk,40.7723522,-73.9715901,13,10,3,3,2,6,2,0,11,0,4,6,2010,5
B,Mandarin Oriental,40.768971,-73.983044,11053,7557,3496,2505,2709,4420,1363,189,6902,289,2357,5692,2010,5
C,Ricahrd Morris Hunt Memorial,40.7714825,-73.9677474,814,565,248,267,349,172,24,12,589,3,102,399,2010,5
B,The Greenwich Hotel,40.719846,-74.009893,19009,13387,5622,4659,3483,9046,1725,225,8331,207,4113,9603,2010,5
B,Trump SoHo Hotel,40.725469,-74.005333,5783,4101,1682,1134,1089,2280,1234,121,2947,358,1250,2907,2010,5
C,107th Infantry Memorial,40.769249,-73.9694586,1441,1043,398,411,508,456,56,23,1124,13,235,733,2010,5
E,Museum of National History,40.7813241,-73.9739882,8779,5460,3319,3285,3701,1529,261,241,4973,58,1092,4148,2010,5
A,Coney Island,40.5749261,-73.9859414,479,279,199,86,107,162,101,19,27,419,31,233,2010,5
B,The Mark Hotel,40.775274,-73.963405,10856,8237,2619,2642,3388,4128,658,114,8104,68,1793,5590,2010,5
C,911 Memorial,40.7115405,-74.0132725,34386,23630,10756,11411,6668,9620,6330,711,12106,1626,6539,17511,2010,5
E,Metropolitan Museum of Art,40.7791865,-73.9635348,11499,7450,4049,4826,4643,1839,182,240,6126,38,1314,5548,2010,5
C,Grants Tomb,40.8134045,-73.9630671,1865,1183,682,249,516,649,439,31,644,44,270,927,2010,5
A,State of liberty National Monument,40.6892494,-74.0445004,13645,8444,5200,5009,3854,3015,1717,450,3095,429,1677,6553,2010,5
B,The Pierre Hotel,40.765247,-73.971998,4401,3089,1311,1313,1383,1475,214,84,3134,82,762,2254,2010,5
C,Grand Army Plaza,40.764591,-73.9736523,21579,14934,6645,7155,7497,5750,1098,506,15894,307,3964,10784,2010,5
B,Gramercy Park Hotel,40.738524,-73.985742,10711,7149,3562,1325,1997,5222,2142,199,7020,197,2478,5304,2010,5
C,Washington Square Arch,40.7314658,-73.9970956,26104,16986,9118,4847,7366,9735,4083,594,15080,500,5339,13097,2010,5
B,Four Seasons Hotel,40.762347,-73.971312,18080,13971,4109,6965,5638,4355,1069,203,12893,333,3828,9482,2010,5
B,The Surrey Hotel,40.774287,-73.96397,14223,10507,3716,3465,4496,5093,1122,132,9677,171,2287,7211,2010,5
C,Columbus Circle Fountain,40.767885,-73.982622,23837,15890,7947,5530,6998,9384,1803,524,15891,356,4983,11969,2010,5
B,Mandarin Oriental,40.768971,-73.983044,9769,7487,2281,2243,2497,3899,1058,0,6238,338,2194,5018,2010,6
A,Battery Park,40.7032775,-74.0170279,14139,9879,4259,5346,3849,3292,1611,0,3115,454,1882,6708,2010,6
C,Literary Walk,40.7723522,-73.9715901,18,16,2,4,4,5,4,0,7,1,2,8,2010,6
B,The Greenwich Hotel,40.719846,-74.009893,18090,13783,4307,4961,3201,8421,1432,0,7817,273,4460,9274,2010,6
A,Riverside Park,40.8012339,-73.9723096,227591,168734,58857,34317,58336,96298,37753,0,108262,4483,40430,114585,2010,6
C,Ricahrd Morris Hunt Memorial,40.7714825,-73.9677474,767,604,163,281,315,144,24,0,565,3,113,377,2010,6
B,Trump SoHo Hotel,40.725469,-74.005333,6006,4286,1720,1051,1131,2668,1115,0,2989,380,1465,3042,2010,6
C,107th Infantry Memorial,40.769249,-73.9694586,1278,1011,266,351,452,418,50,0,1002,10,216,685,2010,6
B,The Mark Hotel,40.775274,-73.963405,9491,7822,1669,2392,3004,3584,479,0,7112,65,1737,4933,2010,6
E,Museum of National History,40.7813241,-73.9739882,9362,6619,2742,3329,4073,1665,280,0,5505,53,1204,4288,2010,6
C,911 Memorial,40.7115405,-74.0132725,32951,24890,8061,10976,6698,8743,6217,0,11785,1650,6795,16669,2010,6
B,The Pierre Hotel,40.765247,-73.971998,3959,3253,705,1192,1282,1273,194,0,2779,95,777,2075,2010,6
E,Metropolitan Museum of Art,40.7791865,-73.9635348,9508,6846,2662,3722,3956,1652,162,0,5143,37,1215,4645,2010,6
C,Grants Tomb,40.8134045,-73.9630671,1385,939,446,225,316,554,282,0,466,43,216,708,2010,6
B,Gramercy Park Hotel,40.738524,-73.985742,9107,6727,2380,1020,1678,4747,1643,0,6029,187,2258,4586,2010,6
A,Central Park,40.7711329,-73.9741874,694926,527308,167618,157929,212672,242737,78230,0,431338,12323,132141,348691,2010,6
A,Rockaway Beach and Boardwalk,40.5863767,-73.8004768,110,68,42,11,17,43,38,0,20,70,7,46,2010,6
C,Grand Army Plaza,40.764591,-73.9736523,21067,16256,4810,7021,7533,5406,993,0,15705,343,4152,10556,2010,6
B,Four Seasons Hotel,40.762347,-73.971312,17960,15059,2901,7827,5023,4142,914,0,12975,315,3916,9307,2010,6
B,The Plaza,40.764464,-73.974489,7169,5494,1675,2007,2589,2041,508,0,4943,225,1405,3584,2010,6
C,Washington Square Arch,40.7314658,-73.9970956,23532,16698,6834,4549,6054,9245,3582,0,13135,494,4911,11815,2010,6
B,The Surrey Hotel,40.774287,-73.96397,12688,10285,2403,2906,4115,4737,891,0,8623,174,2191,6466,2010,6
C,Statue of Liberty,40.6892494,-74.0445004,14138,9879,4259,5346,3849,3292,1611,0,3115,454,1882,6708,2010,6
C,Columbus Circle Fountain,40.767885,-73.982622,21931,16100,5831,5269,6731,8183,1643,0,14948,367,4825,10950,2010,6
B,The Peninsula Hotel,40.761719,-73.975259,10221,8408,1813,4045,2578,2929,613,0,6989,262,2229,5294,2010,6
D,Orchard Beach,40.8629619,-73.7926456,6,5,1,2,2,0,2,0,2,1,1,4,2010,6
D,Long Beach,40.5884373,-73.657908,38,25,13,8,1,21,8,0,16,20,31,17,2010,6
A,Coney Island,40.5749261,-73.9859414,504,339,165,69,137,157,135,0,36,438,42,259,2010,6
A,Prospect Park,40.6602037,-73.9689558,19935,13415,6520,1353,2447,7289,8523,0,2230,3807,3127,9914,2010,6
F,Regal Cinemas Battery Park,40.71499216,-74.01525132,21244,16912,4332,8402,4745,6075,1931,0,6294,1230,4702,10822,2010,6
D,Jones Beach,40.6298139,-73.5030099,2,2,0,0,0,0,2,0,0,0,0,1,2010,6
D,Fort Tilden Beach,40.564254,-73.883913,13,11,2,0,3,10,0,0,0,8,1,7,2010,6
F,Sunshine Cinema,40.723024,-73.989961,7323,4124,3199,460,994,3461,2381,0,4597,97,1653,3513,2010,6
E,Broadway and Shubert Alley,40.7578253,-73.9871766,10798,7512,3286,2198,2831,4457,1272,0,7233,398,1941,5196,2010,6
F,Broadway Theater,40.763417,-73.983394,8496,6149,2347,1751,2014,3184,1508,0,5411,413,1541,4089,2010,6
E,Empire State Building,40.7484405,-73.9856644,22276,16357,5919,5934,6140,7338,2794,0,15785,200,3920,10655,2010,6
F,AMC Lowes Lincoln Square,40.774866,-73.981646,12694,8956,3738,1924,3719,5918,1075,0,8868,137,2515,6125,2010,6
D,Coney Island Beach,40.5749261,-73.9859414,504,339,165,69,137,157,135,0,36,438,42,259,2010,6
A,Bryant Park,40.7535965,-73.9832326,33659,27622,6037,13875,9820,7250,2495,0,22587,692,8873,17243,2010,6
E,Rockefeller Center,40.7587402,-73.9786736,17686,14108,3578,8064,5016,3832,593,0,12733,273,3709,9036,2010,6
D,Rockaway beach and Boardwalk,40.5863767,-73.8004768,110,68,42,11,17,43,38,0,20,70,7,46,2010,6
A,State of liberty National Monument,40.6892494,-74.0445004,14138,9879,4259,5346,3849,3292,1611,0,3115,454,1882,6708,2010,6
E,Times Square,40.759011,-73.9844722,19500,14440,5060,5403,4648,7012,2346,0,12441,1385,3742,9468,2010,6
E,Rockefeller Center,40.7587402,-73.9786736,18807,14505,4302,7465,6363,4080,618,454,13581,272,3791,9330,2010,7
E,Times Square,40.759011,-73.9844722,20160,14451,5709,4733,5291,7497,2488,574,12748,1406,3435,9570,2010,7
C,Literary Walk,40.7723522,-73.9715901,21,11,9,9,5,5,0,0,12,2,1,7,2010,7
B,The Plaza,40.764464,-73.974489,7505,5563,1942,2028,2905,1982,557,211,5357,159,1348,3697,2010,7
D,Orchard Beach,40.8629619,-73.7926456,10,8,2,6,3,1,0,1,7,1,1,6,2010,7
D,Long Beach,40.5884373,-73.657908,16,10,6,0,8,2,6,0,0,16,1,8,2010,7
C,Ricahrd Morris Hunt Memorial,40.7714825,-73.9677474,726,561,165,206,321,175,16,5,532,1,123,371,2010,7
C,107th Infantry Memorial,40.769249,-73.9694586,1116,887,229,285,476,291,54,25,857,9,177,558,2010,7
A,Prospect Park,40.6602037,-73.9689558,19661,12571,7090,1277,2384,7347,8365,549,2372,3666,3166,9867,2010,7
C,911 Memorial,40.7115405,-74.0132725,36656,26483,10173,12271,8303,9601,6124,823,13585,1495,7174,18300,2010,7
A,Battery Park,40.7032775,-74.0170279,16277,10988,5289,6583,4565,3341,1730,495,3637,317,1794,7573,2010,7
E,Broadway and Shubert Alley,40.7578253,-73.9871766,12550,8530,4020,2219,3462,5643,1177,394,8663,290,2074,5772,2010,7
C,Grants Tomb,40.8134045,-73.9630671,1340,887,452,209,298,467,351,26,411,53,217,638,2010,7
E,Empire State Building,40.7484405,-73.9856644,26739,18611,8128,6071,8024,9388,3181,877,18943,196,4091,12391,2010,7
C,Grand Army Plaza,40.764591,-73.9736523,21898,16154,5743,6650,8657,5375,1132,598,16305,290,3927,10653,2010,7
D,Coney Island Beach,40.5749261,-73.9859414,558,335,223,97,167,163,120,24,24,513,72,267,2010,7
C,Washington Square Arch,40.7314658,-73.9970956,23132,16026,7106,4245,5914,9192,3722,552,12755,403,4983,11450,2010,7
C,Columbus Circle Fountain,40.767885,-73.982622,21962,15516,6445,4642,7219,8160,1837,523,14935,341,4510,10825,2010,7
D,Rockaway beach and Boardwalk,40.5863767,-73.8004768,96,55,41,17,17,31,29,0,7,81,9,50,2010,7
B,Mandarin Oriental,40.768971,-73.983044,9807,7229,2577,2065,2758,3661,1270,176,6335,258,2030,4828,2010,7
A,Riverside Park,40.8012339,-73.9723096,197493,144391,53101,28327,48425,81452,37600,4964,87651,4163,35559,99032,2010,7
B,The Greenwich Hotel,40.719846,-74.009893,19221,14812,4409,5444,3531,8447,1688,338,8622,216,4715,9654,2010,7
A,Central Park,40.7711329,-73.9741874,647880,478327,169552,142419,201210,224489,76003,14744,393564,11144,120913,321290,2010,7
B,Trump SoHo Hotel,40.725469,-74.005333,6988,4897,2091,818,1635,2650,1861,162,3407,392,1396,3424,2010,7
B,The Mark Hotel,40.775274,-73.963405,7729,6289,1440,1774,2737,2714,486,123,5557,64,1433,3944,2010,7
A,Bryant Park,40.7535965,-73.9832326,34195,27629,6566,13352,9776,8351,2521,506,23247,624,8568,17483,2010,7
B,The Pierre Hotel,40.765247,-73.971998,3581,2640,940,923,1388,1000,257,73,2463,70,642,1780,2010,7
D,Fort Tilden Beach,40.564254,-73.883913,19,16,3,8,0,11,0,0,8,10,1,9,2010,7
B,Gramercy Park Hotel,40.738524,-73.985742,8451,6168,2283,794,1722,4059,1852,201,5771,192,2013,4244,2010,7
B,Four Seasons Hotel,40.762347,-73.971312,16435,13750,2685,7137,4705,3663,890,252,11782,297,3677,8530,2010,7
B,The Surrey Hotel,40.774287,-73.96397,10516,8300,2216,2343,3590,3733,828,153,7203,102,1949,5439,2010,7
C,Statue of Liberty,40.6892494,-74.0445004,16277,10988,5289,6583,4565,3341,1730,495,3637,317,1794,7573,2010,7
F,Regal Cinemas Battery Park,40.71499216,-74.01525132,21560,16422,5138,7382,5116,6708,2245,413,6973,1209,4503,10748,2010,7
A,State of liberty National Monument,40.6892494,-74.0445004,16277,10988,5289,6583,4565,3341,1730,495,3637,317,1794,7573,2010,7
E,Museum of National History,40.7813241,-73.9739882,12413,8571,3842,4546,6235,1379,241,438,7010,39,1287,5526,2010,7
A,Rockaway Beach and Boardwalk,40.5863767,-73.8004768,96,55,41,17,17,31,29,0,7,81,9,50,2010,7
F,Sunshine Cinema,40.723024,-73.989961,7725,4493,3232,422,1138,3619,2502,239,4711,117,1747,3712,2010,7
B,The Peninsula Hotel,40.761719,-73.975259,9880,7869,2011,3628,2706,2853,631,193,6853,198,2167,4945,2010,7
E,Metropolitan Museum of Art,40.7791865,-73.9635348,11334,7766,3568,3870,5426,1869,160,282,5611,50,1307,5293,2010,7
F,Broadway Theater,40.763417,-73.983394,9032,6280,2752,1675,2078,3693,1555,127,5754,415,1726,4279,2010,7
A,Coney Island,40.5749261,-73.9859414,558,335,223,97,167,163,120,24,24,513,72,267,2010,7
F,AMC Lowes Lincoln Square,40.774866,-73.981646,12669,8365,4304,1717,4182,5685,1048,357,8784,102,2754,6301,2010,7
C,Literary Walk,40.7723522,-73.9715901,16,10,6,8,0,7,1,0,11,0,2,7,2010,8
D,Orchard Beach,40.8629619,-73.7926456,18,10,8,5,5,3,5,0,1,15,2,9,2010,8
C,Ricahrd Morris Hunt Memorial,40.7714825,-73.9677474,858,584,273,295,356,161,36,0,573,11,148,501,2010,8
D,Long Beach,40.5884373,-73.657908,17,13,4,2,2,5,8,0,3,12,17,15,2010,8
A,Bryant Park,40.7535965,-73.9832326,47673,37784,9889,18933,12513,11529,4380,0,31522,1023,12968,28082,2010,8
A,Rockaway Beach and Boardwalk,40.5863767,-73.8004768,133,102,31,19,22,45,45,0,13,103,10,73,2010,8
C,107th Infantry Memorial,40.769249,-73.9694586,1364,998,366,349,541,379,93,0,949,24,223,791,2010,8
C,911 Memorial,40.7115405,-74.0132725,50115,35216,14899,16320,10683,13062,9627,0,18799,2292,10549,28374,2010,8
D,Jones Beach,40.6298139,-73.5030099,1,1,0,1,0,0,0,0,0,0,0,1,2010,8
A,Central Park,40.7711329,-73.9741874,853056,609963,243093,195274,252802,291941,107766,0,506883,17601,174716,488207,2010,8
A,State of liberty National Monument,40.6892494,-74.0445004,22991,14618,8372,8913,6464,4737,2763,0,5579,456,2802,11841,2010,8
B,The Plaza,40.764464,-73.974489,10974,7931,3043,2935,4177,2924,885,0,7511,213,2119,6104,2010,8
C,Grants Tomb,40.8134045,-73.9630671,1967,1277,690,358,458,697,442,0,637,101,323,1094,2010,8
E,Broadway and Shubert Alley,40.7578253,-73.9871766,17121,11351,5770,2977,5064,7170,1825,0,11442,386,2913,9076,2010,8
E,Empire State Building,40.7484405,-73.9856644,38897,26855,12042,8417,12116,12990,5278,0,27589,455,6325,20379,2010,8
C,Grand Army Plaza,40.764591,-73.9736523,30036,21401,8635,8994,11622,7384,1885,0,21929,437,5765,16795,2010,8
D,Coney Island Beach,40.5749261,-73.9859414,749,478,270,123,216,261,138,0,56,633,64,397,2010,8
C,Washington Square Arch,40.7314658,-73.9970956,33383,21658,11725,6310,9520,12157,5267,0,19097,741,6817,18631,2010,8
C,Columbus Circle Fountain,40.767885,-73.982622,29822,20656,9165,6636,9645,10677,2682,0,20266,540,6884,17083,2010,8
D,Rockaway beach and Boardwalk,40.5863767,-73.8004768,133,102,31,19,22,45,45,0,13,103,10,73,2010,8
B,Mandarin Oriental,40.768971,-73.983044,13147,9409,3738,2749,3690,4820,1801,0,8395,387,3180,7683,2010,8
B,The Greenwich Hotel,40.719846,-74.009893,26348,19646,6702,6703,5079,12016,2432,0,12454,343,6894,15429,2010,8
B,Trump SoHo Hotel,40.725469,-74.005333,9703,6709,2994,1309,2264,3718,2363,0,5083,458,2110,5361,2010,8
B,The Mark Hotel,40.775274,-73.963405,10831,8586,2245,2408,3634,3899,837,0,7491,123,2316,6409,2010,8
A,Coney Island,40.5749261,-73.9859414,749,478,270,123,216,261,138,0,56,633,64,397,2010,8
A,Battery Park,40.7032775,-74.0170279,22991,14618,8372,8913,6464,4737,2763,0,5579,456,2802,11841,2010,8
B,The Pierre Hotel,40.765247,-73.971998,5132,3699,1433,1198,2118,1447,348,0,3394,137,969,2904,2010,8
D,Fort Tilden Beach,40.564254,-73.883913,18,6,12,3,1,3,10,0,6,11,1,11,2010,8
B,Gramercy Park Hotel,40.738524,-73.985742,12570,8767,3803,1399,2718,5800,2592,0,8669,255,3255,7214,2010,8
E,Museum of National History,40.7813241,-73.9739882,16554,11312,5241,6517,7892,1684,439,0,9365,92,1729,8108,2010,8
F,Regal Cinemas Battery Park,40.71499216,-74.01525132,26627,20084,6543,9509,6201,7650,3134,0,8605,1402,6240,15048,2010,8
B,Four Seasons Hotel,40.762347,-73.971312,23085,18945,4140,8821,6465,5955,1730,0,16177,460,5397,13816,2010,8
A,Prospect Park,40.6602037,-73.9689558,27012,16638,10374,2479,3508,9800,10789,0,4296,4741,4794,15480,2010,8
A,Riverside Park,40.8012339,-73.9723096,260836,185793,75043,39868,62555,107078,49579,0,115952,6977,52964,151630,2010,8
B,The Surrey Hotel,40.774287,-73.96397,15069,11662,3407,3303,5007,5399,1321,0,10028,225,3111,8844,2010,8
F,Sunshine Cinema,40.723024,-73.989961,10893,5805,5088,780,1764,4449,3873,0,6557,191,2597,6159,2010,8
E,Metropolitan Museum of Art,40.7791865,-73.9635348,13838,8810,5028,4883,6702,1838,384,0,6653,100,1677,7235,2010,8
C,Statue of Liberty,40.6892494,-74.0445004,22991,14618,8372,8913,6464,4737,2763,0,5579,456,2802,11841,2010,8
F,Broadway Theater,40.763417,-73.983394,12947,9116,3831,2800,3059,4808,2209,0,8210,562,2586,7128,2010,8
B,The Peninsula Hotel,40.761719,-73.975259,12910,9835,3075,4291,3875,3550,1105,0,8767,307,2879,7650,2010,8
F,AMC Lowes Lincoln Square,40.774866,-73.981646,14677,9717,4960,2376,4522,6415,1311,0,10300,139,3534,8671,2010,8
E,Rockefeller Center,40.7587402,-73.9786736,25448,19186,6262,9032,9468,5549,1101,0,17934,384,5278,14405,2010,8
E,Times Square,40.759011,-73.9844722,27236,18525,8711,5373,7787,9673,4163,0,16981,1902,4985,14502,2010,8
C,Statue of Liberty,40.6892494,-74.0445004,17361,11288,6072,5077,4635,4661,2862,329,6666,575,3344,9908,2010,9
D,Orchard Beach,40.8629619,-73.7926456,3,1,2,0,2,0,1,0,2,0,1,3,2010,9
A,Rockaway Beach and Boardwalk,40.5863767,-73.8004768,131,76,55,39,31,35,25,1,47,50,19,82,2010,9
D,Long Beach,40.5884373,-73.657908,38,27,11,6,6,15,11,0,16,12,10,25,2010,9
B,The Peninsula Hotel,40.761719,-73.975259,14167,10393,3774,3922,3873,4238,2032,259,8764,499,3470,8480,2010,9
F,Regal Cinemas Battery Park,40.71499216,-74.01525132,27620,20394,7226,8331,5971,8664,4448,658,12226,1364,6849,16501,2010,9
A,Prospect Park,40.6602037,-73.9689558,27833,19250,8583,4230,5068,9754,8396,640,9956,3030,6194,16566,2010,9
F,Sunshine Cinema,40.723024,-73.989961,10645,6527,4118,1476,2216,3896,2989,349,5984,408,2600,6081,2010,9
D,Jones Beach,40.6298139,-73.5030099,10,10,0,5,5,0,0,0,5,0,0,2,2010,9
D,Fort Tilden Beach,40.564254,-73.883913,21,17,4,3,3,11,4,0,5,10,1,13,2010,9
F,Broadway Theater,40.763417,-73.983394,13691,9542,4149,3013,3106,4961,2486,285,8198,620,3104,7909,2010,9
E,Broadway and Shubert Alley,40.7578253,-73.9871766,15423,10694,4729,3169,3888,6073,2192,357,9499,591,3319,8882,2010,9
E,Empire State Building,40.7484405,-73.9856644,32530,21902,10628,7451,8303,11103,5469,684,20551,894,6758,18405,2010,9
F,AMC Lowes Lincoln Square,40.774866,-73.981646,18744,13331,5413,3687,5153,7094,2674,611,11462,588,4721,11218,2010,9
D,Coney Island Beach,40.5749261,-73.9859414,603,366,237,111,143,230,107,5,180,298,84,345,2010,9
E,Rockefeller Center,40.7587402,-73.9786736,24933,17930,7003,7851,7366,6637,2856,651,15759,822,5996,14729,2010,9
D,Rockaway beach and Boardwalk,40.5863767,-73.8004768,131,76,55,39,31,35,25,1,47,50,19,82,2010,9
A,Battery Park,40.7032775,-74.0170279,17361,11288,6072,5077,4635,4661,2862,329,6666,575,3344,9908,2010,9
E,Times Square,40.759011,-73.9844722,27137,19416,7721,6343,6948,8926,4678,655,16018,1554,6048,15702,2010,9
A,Central Park,40.7711329,-73.9741874,958439,695110,263329,216817,255373,332687,146670,22642,559793,31993,224971,570014,2010,9
B,The Plaza,40.764464,-73.974489,10836,7694,3141,2831,3104,3381,1447,240,6752,370,2575,6421,2010,9
A,Bryant Park,40.7535965,-73.9832326,51838,38000,13838,15577,13055,15090,7592,1436,31436,1809,13534,30818,2010,9
A,Riverside Park,40.8012339,-73.9723096,334040,237636,96404,62644,82865,125451,60819,8326,171141,11702,77233,198502,2010,9
C,Literary Walk,40.7723522,-73.9715901,9,7,2,3,1,4,1,0,7,0,3,7,2010,9
B,Mandarin Oriental,40.768971,-73.983044,15270,11085,4185,3339,3895,5369,2503,410,9034,548,3839,9213,2010,9
B,The Greenwich Hotel,40.719846,-74.009893,28508,20444,8064,6795,5930,11501,4054,740,14313,773,7289,16809,2010,9
C,Ricahrd Morris Hunt Memorial,40.7714825,-73.9677474,1068,823,245,272,355,271,160,13,648,37,219,600,2010,9
C,107th Infantry Memorial,40.769249,-73.9694586,1621,1237,384,420,490,504,198,53,1060,61,362,1005,2010,9
B,Trump SoHo Hotel,40.725469,-74.005333,7253,5087,2166,1199,1720,2706,1598,60,3940,437,1681,4182,2010,9
E,Museum of National History,40.7813241,-73.9739882,12911,8871,4040,3568,4295,3385,1588,336,7382,361,2692,7309,2010,9
A,Coney Island,40.5749261,-73.9859414,603,366,237,111,143,230,107,5,180,298,84,345,2010,9
C,911 Memorial,40.7115405,-74.0132725,48067,34010,14057,13579,11098,14292,8639,926,21308,2214,11054,28490,2010,9
B,The Mark Hotel,40.775274,-73.963405,12922,9702,3220,2917,3550,4541,1831,288,8166,351,2973,7814,2010,9
E,Metropolitan Museum of Art,40.7791865,-73.9635348,12177,8765,3411,3486,4068,3295,1264,295,6643,328,2427,7030,2010,9
B,The Pierre Hotel,40.765247,-73.971998,5302,3879,1422,1328,1568,1709,661,125,3336,167,1187,3147,2010,9
A,State of liberty National Monument,40.6892494,-74.0445004,17361,11288,6072,5077,4635,4661,2862,329,6666,575,3344,9908,2010,9
C,Grants Tomb,40.8134045,-73.9630671,2356,1601,755,452,472,928,482,49,1068,102,478,1346,2010,9
B,Gramercy Park Hotel,40.738524,-73.985742,14270,10219,4051,2481,3100,5563,3036,436,8765,533,3624,8487,2010,9
C,Grand Army Plaza,40.764591,-73.9736523,29127,20914,8213,7880,8800,8648,3601,664,18798,883,6939,17183,2010,9
B,Four Seasons Hotel,40.762347,-73.971312,25111,18482,6629,7253,6201,7636,3855,495,15703,824,6245,15073,2010,9
C,Washington Square Arch,40.7314658,-73.9970956,38046,26217,11829,8126,9912,13242,6573,836,22090,1207,9489,22693,2010,9
C,Columbus Circle Fountain,40.767885,-73.982622,32441,22852,9589,7311,8885,11471,4493,821,19692,1054,8056,19255,2010,9
B,The Surrey Hotel,40.774287,-73.96397,17193,12598,4595,3880,4984,5828,2383,385,10804,490,3810,10443,2010,9
