C,Statue of Liberty,40.6892494,-74.0445004,15334,9963,5371,5213,3944,3652,2424,384,3757,450,2599,8761,2011,1
E,Rockefeller Center,40.7587402,-73.9786736,25247,17716,7531,9934,10036,4564,572,938,18673,238,6561,15116,2011,1
A,Rockaway Beach and Boardwalk,40.5863767,-73.8004768,183,102,81,17,14,70,77,5,34,102,16,77,2011,1
E,Times Square,40.759011,-73.9844722,28585,18838,9747,6083,8274,10187,3824,685,18451,1870,6563,16227,2011,1
B,The Peninsula Hotel,40.761719,-73.975259,13493,9657,3836,4929,4042,3575,823,380,9585,277,3828,8344,2011,1
D,Orchard Beach,40.8629619,-73.7926456,1,1,0,0,0,1,0,0,0,0,0,1,2011,1
C,Literary Walk,40.7723522,-73.9715901,13,9,3,6,1,4,0,1,7,0,5,6,2011,1
D,Long Beach,40.5884373,-73.657908,45,31,14,9,14,14,8,1,10,35,82,28,2011,1
A,Battery Park,40.7032775,-74.0170279,15334,9963,5371,5213,3944,3652,2424,383,3757,450,2599,8761,2011,1
C,Ricahrd Morris Hunt Memorial,40.7714825,-73.9677474,896,617,279,286,448,135,26,18,643,6,176,526,2011,1
C,107th Infantry Memorial,40.769249,-73.9694586,1549,1168,380,481,519,451,92,36,1221,12,366,943,2011,1
D,Jones Beach,40.6298139,-73.5030099,1,0,1,0,1,0,0,0,1,0,0,1,2011,1
C,911 Memorial,40.7115405,-74.0132725,43926,32496,11430,17460,8466,10276,7294,935,15843,1805,11713,26659,2011,1
E,Broadway and Shubert Alley,40.7578253,-73.9871766,17363,10516,6847,2945,5362,7341,1622,468,12032,413,3658,9451,2011,1
A,Bryant Park,40.7535965,-73.9832326,40877,31870,9007,17687,11045,8655,3048,893,28281,723,13402,24814,2011,1
B,The Plaza,40.764464,-73.974489,11418,7638,3780,3253,4530,2882,711,306,8112,156,2704,6715,2011,1
C,Grants Tomb,40.8134045,-73.9630671,1925,1172,753,288,393,786,450,51,666,61,387,1157,2011,1
E,Empire State Building,40.7484405,-73.9856644,30282,20087,10195,8025,9571,8612,3966,835,21845,260,6436,17124,2011,1
C,Grand Army Plaza,40.764591,-73.9736523,29692,20056,9636,9418,12311,6597,1239,951,22730,297,7232,17521,2011,1
D,Coney Island Beach,40.5749261,-73.9859414,472,304,168,47,90,206,123,14,21,436,47,267,2011,1
A,Coney Island,40.5749261,-73.9859414,472,304,168,47,90,206,123,14,21,436,47,267,2011,1
C,Washington Square Arch,40.7314658,-73.9970956,27013,17890,9123,5260,6812,10891,3941,634,15791,658,7618,16257,2011,1
D,Rockaway beach and Boardwalk,40.5863767,-73.8004768,183,102,81,17,14,70,77,5,34,102,16,77,2011,1
A,Riverside Park,40.8012339,-73.9723096,329360,225254,104106,47182,86426,141447,52868,10293,164680,5504,75081,197017,2011,1
C,Columbus Circle Fountain,40.767885,-73.982622,29515,19750,9765,6601,9937,10703,2146,950,20565,377,8428,17924,2011,1
B,Mandarin Oriental,40.768971,-73.983044,15170,10509,4661,2872,4067,6208,1961,393,9943,358,4427,9337,2011,1
B,The Greenwich Hotel,40.719846,-74.009893,26956,18465,8491,7253,5647,11891,2078,684,12732,263,8499,16394,2011,1
A,State of liberty National Monument,40.6892494,-74.0445004,15334,9963,5371,5213,3944,3652,2424,383,3757,450,2599,8761,2011,1
B,Trump SoHo Hotel,40.725469,-74.005333,9869,6209,3660,1332,2041,4035,2422,289,5349,527,2375,5657,2011,1
B,The Mark Hotel,40.775274,-73.963405,14278,10404,3874,3512,4720,5171,792,434,10792,67,3489,8835,2011,1
D,Fort Tilden Beach,40.564254,-73.883913,19,14,5,5,0,5,9,0,1,18,1,13,2011,1
F,Regal Cinemas Battery Park,40.71499216,-74.01525132,19901,16353,3548,9390,4695,4665,998,464,6866,397,6369,12778,2011,1
B,The Pierre Hotel,40.765247,-73.971998,4657,3215,1442,1351,1858,1245,192,107,3416,84,1197,2859,2011,1
A,Prospect Park,40.6602037,-73.9689558,25109,15089,10020,1527,2528,9527,11108,798,2904,4610,4978,15132,2011,1
E,Museum of National History,40.7813241,-73.9739882,14628,8550,6077,5005,7472,1822,322,697,8844,57,2122,7570,2011,1
F,Sunshine Cinema,40.723024,-73.989961,9579,4667,4912,402,1438,4240,3443,248,6099,134,2708,5501,2011,1
B,Gramercy Park Hotel,40.738524,-73.985742,12653,8377,4276,1303,2630,6405,2282,296,8596,247,3715,7458,2011,1
E,Metropolitan Museum of Art,40.7791865,-73.9635348,13148,8080,5068,4618,6343,1962,209,396,7403,49,2179,7271,2011,1
F,Broadway Theater,40.763417,-73.983394,13062,8848,4214,2930,3303,4087,2683,320,8480,520,2826,7409,2011,1
B,Four Seasons Hotel,40.762347,-73.971312,27582,21306,6276,10563,7494,7162,2301,754,20180,294,7791,17100,2011,1
A,Central Park,40.7711329,-73.9741874,931088,651343,279744,218252,294180,320624,94126,27101,603940,13174,228774,555448,2011,1
F,AMC Lowes Lincoln Square,40.774866,-73.981646,17872,10740,7132,3093,6424,7062,1208,662,13046,99,5036,10916,2011,1
B,The Surrey Hotel,40.774287,-73.96397,18009,13056,4953,4175,6335,6353,1099,519,13123,143,4114,11090,2011,1
C,Statue of Liberty,40.6892494,-74.0445004,23943,14647,9295,9467,6089,4861,3404,678,4982,769,3900,12889,2011,10
D,Orchard Beach,40.8629619,-73.7926456,2,0,2,1,0,0,1,0,1,1,2,2,2011,10
A,Rockaway Beach and Boardwalk,40.5863767,-73.8004768,138,80,57,14,31,46,44,7,10,114,20,74,2011,10
D,Long Beach,40.5884373,-73.657908,23,20,3,2,6,10,5,0,5,18,21,17,2011,10
B,The Peninsula Hotel,40.761719,-73.975259,15284,11039,4245,6171,3990,3781,1237,462,10771,272,4764,9426,2011,10
F,Regal Cinemas Battery Park,40.71499216,-74.01525132,17642,14445,3197,8750,3988,3958,796,731,5167,456,5945,11227,2011,10
A,Prospect Park,40.6602037,-73.9689558,33325,18580,14745,3052,3344,11065,15267,869,3427,6020,7383,19681,2011,10
F,Sunshine Cinema,40.723024,-73.989961,14458,7568,6890,744,1862,6679,5107,227,8770,202,4733,7997,2011,10
D,Jones Beach,40.6298139,-73.5030099,3,0,3,0,0,0,3,0,2,0,0,2,2011,10
F,Broadway Theater,40.763417,-73.983394,14703,9811,4892,2995,3206,5858,2581,405,9304,670,3608,8192,2011,10
D,Fort Tilden Beach,40.564254,-73.883913,28,10,18,6,6,12,4,0,4,21,1,13,2011,10
E,Broadway and Shubert Alley,40.7578253,-73.9871766,18597,11828,6769,3255,4677,7884,2641,506,12041,636,4085,10117,2011,10
E,Empire State Building,40.7484405,-73.9856644,39155,24178,14977,10600,10847,12502,5095,1108,27497,359,8640,21393,2011,10
F,AMC Lowes Lincoln Square,40.774866,-73.981646,17619,10755,6864,3185,5794,7306,1250,490,12414,172,5383,10452,2011,10
E,Rockefeller Center,40.7587402,-73.9786736,28591,19588,9003,13185,9636,4762,716,922,20369,397,8122,16926,2011,10
D,Coney Island Beach,40.5749261,-73.9859414,548,318,229,56,147,201,133,14,15,514,53,305,2011,10
D,Rockaway beach and Boardwalk,40.5863767,-73.8004768,138,80,57,14,31,46,44,7,10,114,20,74,2011,10
A,Battery Park,40.7032775,-74.0170279,23943,14647,9295,9467,6089,4861,3404,678,4982,769,3900,12889,2011,10
E,Times Square,40.759011,-73.9844722,30508,20467,10041,7132,7801,10402,5011,904,18860,2214,7053,16949,2011,10
A,Central Park,40.7711329,-73.9741874,1107897,756078,351818,264698,338834,384201,115059,36126,691743,19580,295275,647622,2011,10
B,The Plaza,40.764464,-73.974489,13590,9408,4181,4092,4972,3626,861,444,9485,303,3630,7944,2011,10
A,Bryant Park,40.7535965,-73.9832326,51983,40281,11702,20721,15207,11529,4058,1987,34746,1108,18452,30726,2011,10
A,Riverside Park,40.8012339,-73.9723096,355298,236846,118452,57038,89843,148491,58323,10692,170118,6407,91562,210530,2011,10
C,Literary Walk,40.7723522,-73.9715901,22,17,5,3,15,3,0,5,19,0,2,7,2011,10
B,Mandarin Oriental,40.768971,-73.983044,16828,11234,5593,3953,4100,6198,2456,533,10580,462,5354,10061,2011,10
B,The Greenwich Hotel,40.719846,-74.009893,32911,22876,10035,10275,6298,13326,2832,1147,14793,360,11015,19672,2011,10
C,Ricahrd Morris Hunt Memorial,40.7714825,-73.9677474,1658,1100,558,646,714,267,27,51,1154,13,360,952,2011,10
C,107th Infantry Memorial,40.769249,-73.9694586,2301,1460,840,728,826,651,94,71,1833,22,574,1375,2011,10
B,Trump SoHo Hotel,40.725469,-74.005333,9608,6416,3192,1647,2360,3488,2079,335,4955,466,2613,5574,2011,10
E,Museum of National History,40.7813241,-73.9739882,15508,9443,6065,5822,6694,2526,457,427,8939,63,2466,8079,2011,10
A,Coney Island,40.5749261,-73.9859414,548,318,229,56,147,201,133,14,15,514,53,305,2011,10
C,911 Memorial,40.7115405,-74.0132725,64346,43036,21310,21666,16462,15412,10248,1985,20217,2569,15466,36295,2011,10
B,The Mark Hotel,40.775274,-73.963405,16268,11714,4554,3901,4866,6005,1449,594,11419,160,4018,9786,2011,10
E,Metropolitan Museum of Art,40.7791865,-73.9635348,15604,9590,6013,6347,6252,2753,233,404,8181,52,2625,8709,2011,10
B,The Pierre Hotel,40.765247,-73.971998,6770,4730,2040,1943,2277,2231,287,232,4854,128,1886,3990,2011,10
A,State of liberty National Monument,40.6892494,-74.0445004,23943,14647,9295,9467,6089,4861,3404,678,4982,769,3900,12889,2011,10
C,Grants Tomb,40.8134045,-73.9630671,2238,1235,1003,302,482,902,531,63,788,72,475,1307,2011,10
C,Grand Army Plaza,40.764591,-73.9736523,34490,23619,10871,11696,12332,8347,1968,1058,25391,511,9299,20065,2011,10
B,Gramercy Park Hotel,40.738524,-73.985742,14768,9323,5445,2053,2695,6732,3248,359,10036,267,4799,8679,2011,10
B,Four Seasons Hotel,40.762347,-73.971312,32444,24415,8029,11997,8758,8213,3363,1194,22371,390,9806,19309,2011,10
C,Washington Square Arch,40.7314658,-73.9970956,44328,28986,15342,9652,11648,16687,6206,1479,25962,973,13532,25711,2011,10
B,The Surrey Hotel,40.774287,-73.96397,21412,15417,5994,5385,6750,7468,1763,572,14764,238,5115,12834,2011,10
C,Columbus Circle Fountain,40.767885,-73.982622,35947,23619,12327,8860,10815,13300,2752,1122,24223,548,10530,21146,2011,10
E,Rockefeller Center,40.7587402,-73.9786736,27406,20639,6767,12754,8258,5095,972,2210,19531,349,7943,16005,2011,11
E,Times Square,40.759011,-73.9844722,28319,21399,6920,6811,6905,10473,3922,2417,17613,2003,7202,15845,2011,11
D,Orchard Beach,40.8629619,-73.7926456,1,1,0,1,0,0,0,0,0,0,1,1,2011,11
C,Literary Walk,40.7723522,-73.9715901,6,4,2,3,1,1,0,1,5,0,3,5,2011,11
B,The Plaza,40.764464,-73.974489,13260,9727,3533,4085,4976,3318,798,912,9282,340,3515,7573,2011,11
C,Ricahrd Morris Hunt Memorial,40.7714825,-73.9677474,1360,1074,286,502,569,248,36,150,960,10,274,769,2011,11
D,Long Beach,40.5884373,-73.657908,24,10,14,8,0,12,3,5,2,22,25,12,2011,11
A,Prospect Park,40.6602037,-73.9689558,31568,19760,11808,2246,3205,10884,14698,2934,3109,5875,6773,18554,2011,11
C,107th Infantry Memorial,40.769249,-73.9694586,2282,1727,555,694,833,678,73,298,1834,16,534,1295,2011,11
C,911 Memorial,40.7115405,-74.0132725,59362,43371,15991,21308,15149,13731,8700,5425,18172,2314,13916,33507,2011,11
A,Battery Park,40.7032775,-74.0170279,20193,13254,6938,7531,5147,4249,3007,1965,4300,644,3629,11249,2011,11
C,Grants Tomb,40.8134045,-73.9630671,1948,1346,602,223,358,844,505,217,662,69,435,1123,2011,11
E,Broadway and Shubert Alley,40.7578253,-73.9871766,16824,11784,5040,2731,4909,7124,1889,1349,11147,562,3793,9046,2011,11
C,Grand Army Plaza,40.764591,-73.9736523,34709,25458,9251,12257,12746,7721,1743,3182,25923,538,9360,20087,2011,11
E,Empire State Building,40.7484405,-73.9856644,35143,24164,10979,9072,9798,10912,5168,3627,24705,388,8541,19350,2011,11
C,Washington Square Arch,40.7314658,-73.9970956,38198,26874,11324,7976,9777,14693,5629,2939,22245,1009,11885,22184,2011,11
D,Coney Island Beach,40.5749261,-73.9859414,513,353,160,66,123,157,148,51,29,462,52,297,2011,11
D,Rockaway beach and Boardwalk,40.5863767,-73.8004768,103,72,30,8,22,41,31,10,5,88,18,67,2011,11
C,Columbus Circle Fountain,40.767885,-73.982622,34191,24757,9433,8067,10660,12474,2735,2862,23194,508,10301,20018,2011,11
B,Mandarin Oriental,40.768971,-73.983044,15898,11950,3947,3698,3781,6162,2144,1399,9963,562,5124,9391,2011,11
A,Riverside Park,40.8012339,-73.9723096,338842,250105,88737,53906,86775,141157,55455,34306,162522,6458,87055,200583,2011,11
B,The Greenwich Hotel,40.719846,-74.009893,30859,23218,7641,9876,5809,12548,2461,2575,13848,421,10282,18455,2011,11
A,Central Park,40.7711329,-73.9741874,1057245,786258,270987,260088,326920,356628,108437,98776,667039,18719,284813,614947,2011,11
B,Trump SoHo Hotel,40.725469,-74.005333,9070,6159,2911,1597,2208,2874,2329,762,4725,357,2456,5136,2011,11
B,The Mark Hotel,40.775274,-73.963405,16016,12330,3686,3852,5122,5733,1256,1506,11499,141,4174,9640,2011,11
A,Bryant Park,40.7535965,-73.9832326,52324,42106,10218,22450,14454,10915,3928,4420,34861,1179,18035,30503,2011,11
D,Fort Tilden Beach,40.564254,-73.883913,38,25,13,1,9,14,14,6,0,37,3,20,2011,11
B,The Pierre Hotel,40.765247,-73.971998,7367,5451,1915,2270,2794,1989,274,838,5229,127,1922,4238,2011,11
D,Jacob Riis Park  Beach,40.5650846,-73.8727573,1,1,0,0,1,0,0,0,1,0,0,1,2011,11
B,Gramercy Park Hotel,40.738524,-73.985742,14061,9868,4193,1665,2677,6785,2891,1137,9473,329,4588,8277,2011,11
B,Four Seasons Hotel,40.762347,-73.971312,30723,24494,6229,11937,8353,7333,3006,2617,21421,355,9566,18450,2011,11
B,The Surrey Hotel,40.774287,-73.96397,21483,16647,4836,5186,7014,7491,1717,1801,14929,294,5304,12849,2011,11
C,Statue of Liberty,40.6892494,-74.0445004,20193,13254,6938,7531,5147,4249,3007,1965,4300,644,3629,11249,2011,11
F,Regal Cinemas Battery Park,40.71499216,-74.01525132,16969,14252,2717,8159,4221,3583,869,1425,5131,454,5700,10619,2011,11
A,State of liberty National Monument,40.6892494,-74.0445004,20193,13254,6938,7531,5147,4249,3007,1965,4300,644,3629,11249,2011,11
E,Museum of National History,40.7813241,-73.9739882,14323,10113,4210,4806,6097,2968,442,1176,8566,85,2727,7506,2011,11
A,Rockaway Beach and Boardwalk,40.5863767,-73.8004768,103,72,30,8,22,41,31,10,5,88,18,67,2011,11
F,Sunshine Cinema,40.723024,-73.989961,16635,9289,7346,753,2434,7884,5519,1408,10329,212,5667,9269,2011,11
B,The Peninsula Hotel,40.761719,-73.975259,15141,11792,3349,6014,3948,4071,983,1227,10537,351,4618,9038,2011,11
E,Metropolitan Museum of Art,40.7791865,-73.9635348,13585,9633,3952,4872,5845,2622,231,1210,7354,50,2530,7638,2011,11
F,Broadway Theater,40.763417,-73.983394,12195,8839,3356,2601,3012,4498,2023,1026,7829,585,2964,6863,2011,11
A,Coney Island,40.5749261,-73.9859414,513,353,160,66,123,157,148,51,29,462,52,297,2011,11
F,AMC Lowes Lincoln Square,40.774866,-73.981646,16683,11353,5330,3124,5799,6536,1154,1692,11663,165,5296,10012,2011,11
B,Mandarin Oriental,40.768971,-73.983044,15446,10934,4511,3299,3789,6140,2108,605,9885,423,4822,9049,2011,12
A,Battery Park,40.7032775,-74.0170279,22687,15755,6931,8297,6146,4749,3376,1301,4980,658,3561,12125,2011,12
C,Literary Walk,40.7723522,-73.9715901,17,15,2,8,3,5,0,0,12,1,4,10,2011,12
B,The Greenwich Hotel,40.719846,-74.009893,30972,22792,8180,8509,6050,13400,2865,821,14288,416,10150,18089,2011,12
A,Riverside Park,40.8012339,-73.9723096,344657,241604,103053,49866,86288,146937,60087,13808,169786,6381,85567,200724,2011,12
C,Ricahrd Morris Hunt Memorial,40.7714825,-73.9677474,1528,1136,391,480,703,310,33,21,1151,11,289,844,2011,12
B,Trump SoHo Hotel,40.725469,-74.005333,9644,6729,2915,1448,2225,3741,2197,508,4868,467,2412,5311,2011,12
C,107th Infantry Memorial,40.769249,-73.9694586,2231,1621,610,582,907,619,119,98,1720,34,511,1269,2011,12
B,The Mark Hotel,40.775274,-73.963405,15633,11599,4033,3423,5277,5612,1267,515,11287,136,3889,9421,2011,12
E,Museum of National History,40.7813241,-73.9739882,18337,13106,5230,6943,8281,2579,528,962,10787,99,2693,9018,2011,12
C,911 Memorial,40.7115405,-74.0132725,64212,45576,18636,22515,16944,14010,10277,2716,19590,2074,13874,35420,2011,12
B,The Pierre Hotel,40.765247,-73.971998,7490,5169,2321,1977,3265,1958,272,419,5532,114,1907,4227,2011,12
E,Metropolitan Museum of Art,40.7791865,-73.9635348,15290,10614,4676,5734,6564,2707,274,547,8271,59,2455,8286,2011,12
C,Grants Tomb,40.8134045,-73.9630671,2129,1368,761,291,473,815,535,113,759,74,436,1198,2011,12
B,Gramercy Park Hotel,40.738524,-73.985742,14466,9906,4560,1627,2858,7064,2877,625,9852,239,4576,8296,2011,12
A,Central Park,40.7711329,-73.9741874,1097539,781919,315619,260743,353917,358968,119622,43772,696600,18419,279692,625664,2011,12
A,Rockaway Beach and Boardwalk,40.5863767,-73.8004768,115,78,37,13,15,46,40,3,6,98,14,69,2011,12
C,Grand Army Plaza,40.764591,-73.9736523,39672,27389,12283,13305,15363,9126,1720,1824,30059,500,9945,22291,2011,12
B,Four Seasons Hotel,40.762347,-73.971312,32078,24794,7284,12310,9118,7534,3022,881,22452,442,9539,18847,2011,12
B,The Plaza,40.764464,-73.974489,15545,10708,4836,4743,6108,3798,864,779,11273,334,3820,8683,2011,12
C,Washington Square Arch,40.7314658,-73.9970956,35902,24882,11020,6670,9388,13800,5923,1163,21051,743,10772,20325,2011,12
B,The Surrey Hotel,40.774287,-73.96397,22139,16729,5410,4782,7214,8338,1740,833,15442,251,5210,12880,2011,12
C,Statue of Liberty,40.6892494,-74.0445004,22687,15755,6931,8297,6146,4749,3376,1301,4980,658,3561,12125,2011,12
C,Columbus Circle Fountain,40.767885,-73.982622,35173,24406,10767,8214,11732,12241,2757,1343,24241,454,10126,20264,2011,12
B,The Peninsula Hotel,40.761719,-73.975259,14836,10984,3852,5376,4184,4199,969,528,10805,277,4488,8867,2011,12
D,Long Beach,40.5884373,-73.657908,32,26,6,9,4,9,10,0,0,32,7,17,2011,12
A,Coney Island,40.5749261,-73.9859414,595,377,218,78,106,214,180,45,44,498,66,319,2011,12
A,Prospect Park,40.6602037,-73.9689558,32546,21180,11366,2162,2887,10659,16327,1114,3279,5963,6645,18779,2011,12
F,Regal Cinemas Battery Park,40.71499216,-74.01525132,16452,13668,2784,7132,4461,3736,1002,518,5545,355,5495,10239,2011,12
D,Jones Beach,40.6298139,-73.5030099,3,3,0,0,0,0,3,0,1,2,9,2,2011,12
D,Fort Tilden Beach,40.564254,-73.883913,6,3,3,0,1,4,1,0,1,5,1,5,2011,12
F,Sunshine Cinema,40.723024,-73.989961,12721,6836,5885,721,2171,5486,4274,495,7719,161,3739,6839,2011,12
E,Broadway and Shubert Alley,40.7578253,-73.9871766,16426,11428,4998,3123,4773,6057,2344,982,10740,666,3538,8753,2011,12
F,Broadway Theater,40.763417,-73.983394,12535,8934,3601,2480,3354,4224,2416,661,8207,540,2990,6895,2011,12
E,Empire State Building,40.7484405,-73.9856644,38104,26076,12028,10190,11812,11157,4824,2376,27006,359,8380,20252,2011,12
F,AMC Lowes Lincoln Square,40.774866,-73.981646,19811,12632,7179,3509,7202,7575,1468,1400,14137,151,5947,11845,2011,12
D,Coney Island Beach,40.5749261,-73.9859414,595,377,218,78,106,214,180,45,44,498,66,319,2011,12
A,Bryant Park,40.7535965,-73.9832326,54517,41597,12920,21013,15957,13193,4008,1831,35866,995,17903,31187,2011,12
E,Rockefeller Center,40.7587402,-73.9786736,29347,21416,7931,13756,8129,5634,1550,1421,21276,376,7138,16174,2011,12
D,Rockaway beach and Boardwalk,40.5863767,-73.8004768,115,78,37,13,15,46,40,3,6,98,14,69,2011,12
A,State of liberty National Monument,40.6892494,-74.0445004,22687,15755,6931,8297,6146,4749,3376,1301,4980,658,3561,12125,2011,12
E,Times Square,40.759011,-73.9844722,25116,18644,6472,6651,6567,8391,3315,1239,15805,2125,5709,13765,2011,12
E,Rockefeller Center,40.7587402,-73.9786736,25861,18520,7341,9965,10846,4317,573,949,19018,241,7223,15602,2011,2
E,Times Square,40.759011,-73.9844722,28975,19794,9181,5619,8550,10192,4439,1124,18636,1853,6824,16409,2011,2
C,Literary Walk,40.7723522,-73.9715901,11,8,2,1,3,4,2,0,9,0,4,7,2011,2
B,The Plaza,40.764464,-73.974489,11746,7978,3767,3460,4405,3133,702,372,8332,166,3234,7069,2011,2
C,Ricahrd Morris Hunt Memorial,40.7714825,-73.9677474,1004,669,335,338,480,157,26,21,711,4,185,585,2011,2
D,Long Beach,40.5884373,-73.657908,32,22,10,7,6,9,9,0,2,24,31,20,2011,2
C,107th Infantry Memorial,40.769249,-73.9694586,1530,1092,438,413,551,496,68,41,1210,13,370,969,2011,2
A,Prospect Park,40.6602037,-73.9689558,26691,16924,9767,1813,2582,10080,11775,786,3264,4636,6214,16088,2011,2
D,Jones Beach,40.6298139,-73.5030099,3,3,0,1,0,2,0,0,1,2,2,3,2011,2
C,911 Memorial,40.7115405,-74.0132725,45593,33673,11920,17212,8396,11476,8048,1157,17024,1848,13210,27799,2011,2
A,Battery Park,40.7032775,-74.0170279,15810,10234,5576,5306,4093,3754,2564,498,4102,482,2974,9052,2011,2
C,Grants Tomb,40.8134045,-73.9630671,2128,1310,817,271,428,822,588,51,756,62,433,1219,2011,2
E,Broadway and Shubert Alley,40.7578253,-73.9871766,17303,10638,6665,2786,5256,7394,1775,584,12121,431,3936,9594,2011,2
C,Grand Army Plaza,40.764591,-73.9736523,29529,20585,8944,9565,11905,6729,1202,1010,22486,291,8067,17788,2011,2
E,Empire State Building,40.7484405,-73.9856644,31308,20794,10514,8262,9894,9170,3874,1047,23003,234,7872,18118,2011,2
C,Washington Square Arch,40.7314658,-73.9970956,33687,22821,10866,7421,8794,12731,4631,894,20253,616,10803,20485,2011,2
D,Coney Island Beach,40.5749261,-73.9859414,453,271,182,44,98,144,147,5,40,396,61,255,2011,2
D,Rockaway beach and Boardwalk,40.5863767,-73.8004768,63,43,20,10,10,25,17,1,5,55,5,48,2011,2
C,Columbus Circle Fountain,40.767885,-73.982622,32424,22165,10258,7460,10094,12366,2376,1006,22592,355,9825,19761,2011,2
B,Mandarin Oriental,40.768971,-73.983044,16328,11441,4886,3339,4516,6339,2043,466,10651,380,4973,10066,2011,2
A,Riverside Park,40.8012339,-73.9723096,329227,229761,99465,50038,82261,140010,55458,9578,159171,4770,78858,197886,2011,2
B,The Greenwich Hotel,40.719846,-74.009893,28476,20320,8156,7562,5620,12855,2316,688,13908,270,9747,17516,2011,2
A,Central Park,40.7711329,-73.9741874,924695,658079,266615,219782,278187,326882,95976,26271,591272,12680,240942,555999,2011,2
B,Trump SoHo Hotel,40.725469,-74.005333,10096,6831,3265,1433,2213,3964,2444,384,5482,450,2914,5939,2011,2
B,The Mark Hotel,40.775274,-73.963405,15553,11564,3989,3643,5363,5567,924,367,11533,97,3914,9512,2011,2
A,Bryant Park,40.7535965,-73.9832326,44532,35579,8953,19009,12346,9947,2851,1291,31143,712,16059,27478,2011,2
B,The Pierre Hotel,40.765247,-73.971998,5030,3622,1408,1534,1917,1359,203,108,3704,64,1367,3075,2011,2
D,Fort Tilden Beach,40.564254,-73.883913,23,19,4,5,7,6,3,2,5,10,2,13,2011,2
B,Gramercy Park Hotel,40.738524,-73.985742,13473,8909,4564,1505,2800,6518,2620,338,9198,203,4436,7939,2011,2
B,Four Seasons Hotel,40.762347,-73.971312,28221,21921,6300,10729,7307,7009,3101,663,20159,328,8288,17475,2011,2
B,The Surrey Hotel,40.774287,-73.96397,19105,13979,5126,4399,6935,6457,1260,476,13809,167,4691,11823,2011,2
C,Statue of Liberty,40.6892494,-74.0445004,15810,10234,5576,5306,4093,3754,2564,498,4102,482,2974,9052,2011,2
E,Museum of National History,40.7813241,-73.9739882,14585,8656,5929,5388,7164,1692,336,993,8690,64,2278,7560,2011,2
A,State of liberty National Monument,40.6892494,-74.0445004,15810,10234,5576,5306,4093,3754,2564,498,4102,482,2974,9052,2011,2
F,Regal Cinemas Battery Park,40.71499216,-74.01525132,21096,17855,3241,10736,5088,4235,867,397,7345,500,7695,13621,2011,2
A,Rockaway Beach and Boardwalk,40.5863767,-73.8004768,63,43,20,10,10,25,17,1,5,55,5,48,2011,2
F,Sunshine Cinema,40.723024,-73.989961,10863,4835,6028,432,1709,4864,3808,315,7133,132,3278,6215,2011,2
B,The Peninsula Hotel,40.761719,-73.975259,14772,10935,3837,5212,4735,3623,1085,409,10596,266,4255,9322,2011,2
E,Metropolitan Museum of Art,40.7791865,-73.9635348,13381,8237,5143,4351,6399,2410,214,496,7469,44,2381,7532,2011,2
F,Broadway Theater,40.763417,-73.983394,12652,8894,3758,3119,2981,4420,2072,338,8288,541,3040,7279,2011,2
A,Coney Island,40.5749261,-73.9859414,453,271,182,44,98,144,147,5,40,396,61,255,2011,2
F,AMC Lowes Lincoln Square,40.774866,-73.981646,16454,10296,6158,2973,5269,6994,1132,635,11840,105,4904,10259,2011,2
C,Statue of Liberty,40.6892494,-74.0445004,20302,14036,6266,7281,5415,4573,2934,0,4917,619,3659,11429,2011,3
D,Orchard Beach,40.8629619,-73.7926456,2,1,1,1,0,1,0,0,1,1,0,2,2011,3
A,Rockaway Beach and Boardwalk,40.5863767,-73.8004768,110,74,35,13,21,38,37,0,5,97,15,68,2011,3
D,Long Beach,40.5884373,-73.657908,24,18,6,3,4,10,4,0,4,17,81,22,2011,3
B,The Peninsula Hotel,40.761719,-73.975259,16545,12876,3669,5875,5253,4188,1097,0,11883,323,4974,10424,2011,3
D,Cherry Grove Beach,40.6599748,-73.0899273,1,1,0,0,0,0,1,0,1,0,0,1,2011,3
F,Regal Cinemas Battery Park,40.71499216,-74.01525132,25356,22161,3195,13759,5395,4973,1084,0,7867,557,9223,16576,2011,3
A,Prospect Park,40.6602037,-73.9689558,31585,20722,10863,1961,3028,11352,14767,0,3723,5405,7217,19070,2011,3
F,Sunshine Cinema,40.723024,-73.989961,11520,5916,5604,601,1843,5561,3468,0,7263,159,3441,6712,2011,3
F,Broadway Theater,40.763417,-73.983394,16083,11948,4135,3588,3472,6209,2673,0,10759,668,3999,9158,2011,3
D,Fort Tilden Beach,40.564254,-73.883913,21,12,9,2,4,14,1,0,4,16,5,13,2011,3
E,Broadway and Shubert Alley,40.7578253,-73.9871766,19626,13770,5856,3499,5435,8556,2036,0,13777,533,4589,10945,2011,3
E,Empire State Building,40.7484405,-73.9856644,38804,27154,11650,9850,12332,12123,4331,0,28202,381,9171,22030,2011,3
F,AMC Lowes Lincoln Square,40.774866,-73.981646,19551,12984,6567,3736,5482,8925,1269,0,14087,155,5826,11971,2011,3
D,Coney Island Beach,40.5749261,-73.9859414,551,332,219,67,120,182,160,0,28,486,64,301,2011,3
E,Rockefeller Center,40.7587402,-73.9786736,29126,21712,7414,11835,11741,4781,579,0,21297,312,8345,17789,2011,3
D,Rockaway beach and Boardwalk,40.5863767,-73.8004768,110,74,35,13,21,38,37,0,5,97,15,68,2011,3
A,Battery Park,40.7032775,-74.0170279,20302,14036,6266,7281,5415,4573,2934,0,4917,619,3659,11429,2011,3
E,Times Square,40.759011,-73.9844722,34342,24548,9794,7190,9725,12790,4449,0,21690,2360,8381,19540,2011,3
B,The Plaza,40.764464,-73.974489,14368,10252,4116,4284,4840,4262,924,0,10142,315,3802,8632,2011,3
A,Central Park,40.7711329,-73.9741874,1033148,764843,268305,248485,305475,365995,107864,0,653596,16779,269683,623650,2011,3
A,Bryant Park,40.7535965,-73.9832326,48883,40341,8542,20788,13814,10570,3245,0,33771,987,17502,30459,2011,3
A,Riverside Park,40.8012339,-73.9723096,360268,263434,96833,55061,89498,155530,58561,0,172427,6968,88084,218052,2011,3
C,Literary Walk,40.7723522,-73.9715901,27,21,6,10,7,5,4,0,17,2,3,12,2011,3
B,Mandarin Oriental,40.768971,-73.983044,18280,13605,4675,4126,4988,6954,2082,0,11939,461,5728,11386,2011,3
C,Ricahrd Morris Hunt Memorial,40.7714825,-73.9677474,1261,906,355,444,567,219,28,0,881,9,258,729,2011,3
B,The Greenwich Hotel,40.719846,-74.009893,31429,23069,8360,8698,6012,14076,2528,0,14736,368,10398,19182,2011,3
C,107th Infantry Memorial,40.769249,-73.9694586,1754,1294,460,508,645,507,88,0,1380,19,399,1094,2011,3
B,Trump SoHo Hotel,40.725469,-74.005333,11340,8050,3290,1650,2292,4763,2574,0,5849,660,3101,6602,2011,3
E,Museum of National History,40.7813241,-73.9739882,15511,10011,5500,5761,7531,1868,340,0,9146,61,2495,8145,2011,3
A,Coney Island,40.5749261,-73.9859414,551,332,219,67,120,182,160,0,28,486,64,301,2011,3
B,The Mark Hotel,40.775274,-73.963405,16835,12980,3855,4159,5635,6074,925,0,12244,89,4201,10432,2011,3
C,911 Memorial,40.7115405,-74.0132725,52903,40063,12840,17898,10312,14293,9762,0,20123,2404,15295,32147,2011,3
E,Metropolitan Museum of Art,40.7791865,-73.9635348,14254,9473,4780,5542,6280,2224,195,0,7629,38,2270,7977,2011,3
B,The Pierre Hotel,40.765247,-73.971998,6087,4598,1489,1960,2041,1819,234,0,4462,110,1635,3751,2011,3
A,State of liberty National Monument,40.6892494,-74.0445004,20302,14036,6266,7281,5415,4573,2934,0,4917,619,3659,11429,2011,3
C,Grants Tomb,40.8134045,-73.9630671,2216,1492,723,364,436,869,532,0,749,78,509,1324,2011,3
C,Grand Army Plaza,40.764591,-73.9736523,37281,26703,10577,12329,13884,8906,1912,0,28285,486,10050,22583,2011,3
B,Gramercy Park Hotel,40.738524,-73.985742,15620,10778,4842,1670,3504,7319,3085,0,10672,299,4876,9255,2011,3
B,Four Seasons Hotel,40.762347,-73.971312,32765,26108,6657,12540,8811,8187,3105,0,23530,495,9955,20415,2011,3
C,Washington Square Arch,40.7314658,-73.9970956,39928,28044,11884,8675,10940,15368,4821,0,23413,1044,12321,24489,2011,3
B,The Surrey Hotel,40.774287,-73.96397,21707,16848,4858,5165,7406,7647,1464,0,15052,175,5165,13429,2011,3
C,Columbus Circle Fountain,40.767885,-73.982622,36608,26515,10093,8592,11466,14024,2290,0,25337,602,11262,22494,2011,3
B,Mandarin Oriental,40.768971,-73.983044,17345,12443,4902,3771,4568,6862,2063,0,11355,533,5256,10688,2011,4
A,Battery Park,40.7032775,-74.0170279,23245,15785,7459,9484,6142,4586,2890,0,5094,603,3368,12557,2011,4
C,Literary Walk,40.7723522,-73.9715901,10,9,1,3,2,4,0,0,6,0,3,6,2011,4
B,The Greenwich Hotel,40.719846,-74.009893,30022,21936,8086,7890,5657,14075,2285,0,13852,362,9763,18341,2011,4
A,Riverside Park,40.8012339,-73.9723096,340766,244191,96574,53726,86829,142003,56708,0,163017,6188,83037,206449,2011,4
C,Ricahrd Morris Hunt Memorial,40.7714825,-73.9677474,1329,955,373,472,626,204,26,0,946,11,253,786,2011,4
B,Trump SoHo Hotel,40.725469,-74.005333,12048,8063,3985,1582,2694,4633,3067,0,6004,617,2939,6885,2011,4
C,107th Infantry Memorial,40.769249,-73.9694586,2055,1526,529,630,797,533,86,0,1641,14,513,1267,2011,4
B,The Mark Hotel,40.775274,-73.963405,16522,12572,3950,3759,5496,6080,1145,0,11869,181,4228,10334,2011,4
E,Museum of National History,40.7813241,-73.9739882,20809,13825,6983,8812,9510,2153,323,0,11950,75,2726,10358,2011,4
C,911 Memorial,40.7115405,-74.0132725,51007,37209,13798,16798,10143,14148,9430,0,18989,2193,13457,30295,2011,4
B,The Pierre Hotel,40.765247,-73.971998,6799,4899,1900,1946,2388,2085,355,0,4895,102,1741,4168,2011,4
E,Metropolitan Museum of Art,40.7791865,-73.9635348,16456,10669,5787,6689,6854,2682,218,0,8756,43,2440,9013,2011,4
C,Grants Tomb,40.8134045,-73.9630671,2197,1413,783,401,404,808,568,0,806,66,470,1312,2011,4
B,Gramercy Park Hotel,40.738524,-73.985742,15652,10717,4935,1586,2887,7916,3213,0,10514,285,4770,9193,2011,5
A,Central Park,40.7711329,-73.9741874,1033759,750701,283058,257703,321028,343513,106753,0,651022,16391,258680,617543,2011,4
A,Rockaway Beach and Boardwalk,40.5863767,-73.8004768,114,86,28,14,15,38,44,0,7,96,23,68,2011,4
C,Grand Army Plaza,40.764591,-73.9736523,36456,25789,10667,12078,13604,8597,1850,0,27482,514,8776,21468,2011,4
B,Four Seasons Hotel,40.762347,-73.971312,30673,23878,6795,10918,8323,7939,3397,0,21474,488,8749,19037,2011,4
B,The Plaza,40.764464,-73.974489,14183,10077,4105,4031,5064,4046,999,0,9836,321,3467,8347,2011,4
C,Washington Square Arch,40.7314658,-73.9970956,40909,28616,12293,9554,11534,14954,4784,0,23996,740,12208,24416,2011,4
B,The Surrey Hotel,40.774287,-73.96397,20972,15872,5100,5061,7009,7112,1745,0,14740,262,4674,12854,2011,4
C,Statue of Liberty,40.6892494,-74.0445004,23245,15785,7459,9484,6142,4586,2890,0,5094,603,3368,12557,2011,4
C,Columbus Circle Fountain,40.767885,-73.982622,36358,25369,10988,8754,11244,13514,2642,0,24820,563,10337,21825,2011,4
B,The Peninsula Hotel,40.761719,-73.975259,16298,12107,4191,5539,4901,4413,1319,0,11542,308,4689,10205,2011,4
D,Orchard Beach,40.8629619,-73.7926456,12,12,0,10,1,1,0,0,11,0,2,4,2011,4
D,Long Beach,40.5884373,-73.657908,33,22,11,5,8,9,11,0,8,25,29,21,2011,4
A,Coney Island,40.5749261,-73.9859414,599,396,203,93,140,200,153,0,26,544,55,337,2011,4
A,Prospect Park,40.6602037,-73.9689558,29846,19146,10700,2236,3620,9905,13672,0,3482,5289,6677,18127,2011,4
F,Regal Cinemas Battery Park,40.71499216,-74.01525132,21182,18183,2999,10992,4577,4553,902,0,6526,506,7376,13812,2011,4
D,Fort Tilden Beach,40.564254,-73.883913,7,5,2,0,5,0,2,0,5,2,0,2,2011,4
F,Sunshine Cinema,40.723024,-73.989961,9570,5246,4324,527,1621,4165,3207,0,5846,163,2836,5633,2011,4
E,Broadway and Shubert Alley,40.7578253,-73.9871766,19883,13163,6720,3742,5191,8977,1859,0,13575,475,3956,10688,2011,4
F,Broadway Theater,40.763417,-73.983394,15803,11385,4418,3387,3108,6971,2288,0,10234,585,3970,8868,2011,4
E,Empire State Building,40.7484405,-73.9856644,40064,27852,12212,11195,10998,13262,4473,0,29114,320,7924,21743,2011,4
F,AMC Lowes Lincoln Square,40.774866,-73.981646,17201,11317,5884,3354,4759,7748,1206,0,12443,118,5109,10561,2011,4
D,Coney Island Beach,40.5749261,-73.9859414,599,396,203,93,140,200,153,0,26,544,55,337,2011,4
A,Bryant Park,40.7535965,-73.9832326,45088,37239,7849,18158,13463,10022,3162,0,30388,911,15938,28002,2011,4
E,Rockefeller Center,40.7587402,-73.9786736,29425,21411,8014,12486,10750,5326,617,0,21337,286,7569,17567,2011,4
D,Rockaway beach and Boardwalk,40.5863767,-73.8004768,114,86,28,14,15,38,44,0,7,96,23,68,2011,4
A,State of liberty National Monument,40.6892494,-74.0445004,23245,15785,7459,9484,6142,4586,2890,0,5094,603,3368,12557,2011,4
E,Times Square,40.759011,-73.9844722,32111,22399,9712,6555,8945,11979,4492,0,20789,2075,6992,17538,2011,4
C,Statue of Liberty,40.6892494,-74.0445004,24548,15102,9445,8977,6624,5243,3562,970,5850,669,4005,13448,2011,5
D,Orchard Beach,40.8629619,-73.7926456,9,4,5,2,4,2,1,1,2,5,1,7,2011,5
A,Rockaway Beach and Boardwalk,40.5863767,-73.8004768,209,164,44,27,52,79,48,5,36,135,28,113,2011,5
D,Long Beach,40.5884373,-73.657908,36,25,11,5,11,7,12,0,10,26,172,27,2011,5
B,The Peninsula Hotel,40.761719,-73.975259,17398,13039,4359,6319,4412,5270,1313,272,12158,384,5110,10585,2011,5
F,Regal Cinemas Battery Park,40.71499216,-74.01525132,23744,19608,4136,11878,5241,5417,1032,459,7497,572,8153,15234,2011,5
A,Prospect Park,40.6602037,-73.9689558,33633,20173,13460,3219,4105,10809,14774,1093,3691,6084,7240,20015,2011,5
F,Sunshine Cinema,40.723024,-73.989961,11232,6396,4836,708,1922,5069,3477,585,6647,243,3275,6483,2011,5
D,Fort Tilden Beach,40.564254,-73.883913,15,9,6,0,0,11,4,0,1,14,1,9,2011,5
F,Broadway Theater,40.763417,-73.983394,13827,9917,3910,3063,2917,5385,2380,314,8809,591,3312,7916,2011,5
E,Broadway and Shubert Alley,40.7578253,-73.9871766,18663,12461,6202,3356,4872,8120,2237,581,12189,562,3956,10216,2011,5
E,Empire State Building,40.7484405,-73.9856644,37646,25068,12578,9706,9889,13072,4814,1399,26659,378,8294,20894,2011,5
F,AMC Lowes Lincoln Square,40.774866,-73.981646,18542,12291,6251,2966,5448,8494,1504,586,13095,145,5745,11189,2011,5
D,Coney Island Beach,40.5749261,-73.9859414,687,442,245,125,188,218,142,27,47,607,95,381,2011,5
E,Rockefeller Center,40.7587402,-73.9786736,29086,21368,7718,12163,9670,6064,954,771,21020,425,7862,17385,2011,5
D,Rockaway beach and Boardwalk,40.5863767,-73.8004768,209,164,44,27,52,79,48,5,36,135,28,113,2011,5
A,Battery Park,40.7032775,-74.0170279,24548,15102,9445,8977,6624,5243,3562,970,5850,669,4005,13448,2011,5
E,Times Square,40.759011,-73.9844722,33636,23523,10113,7637,7924,13157,4709,848,21055,2282,7635,18783,2011,5
A,Central Park,40.7711329,-73.9741874,1124832,803961,320871,268833,352102,375793,122261,25989,703329,18835,289356,669884,2011,5
B,The Plaza,40.764464,-73.974489,13806,9882,3924,4001,4848,3892,1017,318,9537,289,3524,8154,2011,5
A,Bryant Park,40.7535965,-73.9832326,49285,38822,10463,19019,14262,11888,3755,724,32900,1128,16892,30073,2011,5
A,Riverside Park,40.8012339,-73.9723096,375960,267603,108357,61006,96162,154233,62935,8549,180064,6524,92560,224698,2011,5
C,Literary Walk,40.7723522,-73.9715901,15,11,4,4,5,5,1,0,10,0,6,8,2011,5
B,Mandarin Oriental,40.768971,-73.983044,17445,12866,4578,4085,4512,6728,1983,343,11019,500,5119,10589,2011,5
B,The Greenwich Hotel,40.719846,-74.009893,30771,22134,8637,8210,5593,14254,2580,494,14304,332,9806,18680,2011,5
C,Ricahrd Morris Hunt Memorial,40.7714825,-73.9677474,1359,986,373,476,567,280,32,16,970,10,286,804,2011,5
C,107th Infantry Memorial,40.769249,-73.9694586,2389,1626,762,691,917,702,70,54,1855,22,581,1425,2011,5
B,Trump SoHo Hotel,40.725469,-74.005333,11553,7796,3757,1590,2722,4450,2736,310,5638,711,3024,6659,2011,5
E,Museum of National History,40.7813241,-73.9739882,15626,9711,5915,5690,7176,2340,407,644,9206,100,2627,8331,2011,5
A,Coney Island,40.5749261,-73.9859414,687,442,245,125,188,218,142,27,47,607,95,381,2011,5
B,The Mark Hotel,40.775274,-73.963405,17074,13167,3906,4146,5295,6373,1195,307,12135,172,4248,10523,2011,5
C,911 Memorial,40.7115405,-74.0132725,53943,38116,15827,16521,11342,14193,11309,1505,18885,2619,13659,31567,2011,5
E,Metropolitan Museum of Art,40.7791865,-73.9635348,20520,13733,6786,8404,8776,3069,251,534,10540,56,3614,11459,2011,5
B,The Pierre Hotel,40.765247,-73.971998,6979,4933,2046,1940,2422,2195,381,137,4900,138,1750,4171,2011,5
A,State of liberty National Monument,40.6892494,-74.0445004,24548,15102,9445,8977,6624,5243,3562,970,5850,669,4005,13448,2011,5
C,Grants Tomb,40.8134045,-73.9630671,2520,1612,908,391,598,940,570,43,877,86,510,1493,2011,5
C,Grand Army Plaza,40.764591,-73.9736523,35811,25049,10761,11917,12879,8811,1933,901,26627,477,9093,21171,2011,5
B,Gramercy Park Hotel,40.738524,-73.985742,16056,11337,4719,1932,2673,7974,3440,295,10712,335,5000,9456,2011,5
B,Four Seasons Hotel,40.762347,-73.971312,30896,24080,6816,11028,8236,8616,2916,364,21496,524,9154,18913,2011,5
C,Washington Square Arch,40.7314658,-73.9970956,38061,26192,11869,7404,10746,14712,5106,978,21948,806,11115,22634,2011,5
B,The Surrey Hotel,40.774287,-73.96397,22663,17218,5445,5457,7388,8055,1715,353,15671,224,5620,13871,2011,5
C,Columbus Circle Fountain,40.767885,-73.982622,37610,26142,11467,9200,11672,13914,2590,999,25319,632,10958,22623,2011,5
B,Mandarin Oriental,40.768971,-73.983044,15646,11988,3658,3730,4052,5752,1976,0,9923,424,4825,9500,2011,6
A,Battery Park,40.7032775,-74.0170279,25252,16941,8310,9660,6671,5438,3349,0,5708,670,4212,13811,2011,6
C,Literary Walk,40.7723522,-73.9715901,10,8,2,2,1,5,1,0,8,0,3,7,2011,6
B,The Greenwich Hotel,40.719846,-74.009893,30609,23186,7423,8875,5673,13365,2554,0,13851,353,10346,18601,2011,6
A,Riverside Park,40.8012339,-73.9723096,337230,247422,89808,51138,84854,141153,58691,0,158790,6550,84167,202178,2011,6
C,Ricahrd Morris Hunt Memorial,40.7714825,-73.9677474,1220,982,237,395,505,285,29,0,940,13,271,719,2011,6
B,Trump SoHo Hotel,40.725469,-74.005333,10409,7427,2982,1520,2420,3949,2467,0,5167,616,2993,6029,2011,6
C,107th Infantry Memorial,40.769249,-73.9694586,2164,1714,450,610,801,650,91,0,1683,11,507,1269,2011,6
B,The Mark Hotel,40.775274,-73.963405,15441,12671,2770,3671,4998,5602,1115,0,10951,162,3941,9480,2011,6
E,Museum of National History,40.7813241,-73.9739882,16158,10863,5295,5877,7497,2330,443,0,9587,60,2537,8444,2011,6
C,911 Memorial,40.7115405,-74.0132725,54138,39455,14683,16625,11941,13939,11115,0,18827,2419,14137,31676,2011,6
B,The Pierre Hotel,40.765247,-73.971998,6388,4957,1431,1753,2315,2032,261,0,4511,101,1748,3856,2011,6
E,Metropolitan Museum of Art,40.7791865,-73.9635348,18747,13120,5626,7511,7829,3056,330,0,9430,57,3285,10366,2011,6
C,Grants Tomb,40.8134045,-73.9630671,2313,1569,744,344,500,898,561,0,737,112,453,1316,2011,6
B,Gramercy Park Hotel,40.738524,-73.985742,15137,11129,4008,1763,2353,7770,3234,0,10292,343,5251,8765,2011,6
A,Central Park,40.7711329,-73.9741874,1068796,798387,270409,248653,327895,360877,125955,0,661217,17928,280987,635486,2011,6
A,Rockaway Beach and Boardwalk,40.5863767,-73.8004768,160,106,54,20,28,55,53,0,16,132,18,91,2011,6
C,Grand Army Plaza,40.764591,-73.9736523,32610,24882,7728,10736,11428,8471,1825,0,24515,444,8862,19447,2011,6
B,Four Seasons Hotel,40.762347,-73.971312,29639,24092,5547,11690,7530,7498,2846,0,20719,430,9250,18408,2011,6
B,The Plaza,40.764464,-73.974489,12921,9929,2992,3750,4468,3607,1056,0,9142,310,3390,7658,2011,6
C,Washington Square Arch,40.7314658,-73.9970956,37567,26424,11143,7782,9757,13811,6097,0,21395,866,10932,22381,2011,6
B,The Surrey Hotel,40.774287,-73.96397,20764,16581,4183,4908,6509,7705,1582,0,14283,277,5098,12505,2011,6
C,Statue of Liberty,40.6892494,-74.0445004,25252,16941,8310,9660,6671,5438,3349,0,5708,670,4212,13811,2011,6
C,Columbus Circle Fountain,40.767885,-73.982622,34512,25312,9200,8406,10839,12285,2789,0,23653,551,10470,20598,2011,6
B,The Peninsula Hotel,40.761719,-73.975259,15516,12446,3070,5616,3899,4855,1018,0,10934,304,4834,9580,2011,6
D,Orchard Beach,40.8629619,-73.7926456,13,13,0,4,4,5,0,0,0,13,1,6,2011,6
D,Long Beach,40.5884373,-73.657908,39,30,9,10,5,11,6,0,3,36,21,19,2011,6
A,Coney Island,40.5749261,-73.9859414,671,405,266,114,181,216,142,0,23,621,84,360,2011,6
A,Prospect Park,40.6602037,-73.9689558,31386,20426,10960,2182,3373,10670,14568,0,3726,5636,6937,18533,2011,6
F,Regal Cinemas Battery Park,40.71499216,-74.01525132,23482,19655,3827,11650,5240,5382,1010,0,7443,506,8123,14795,2011,6
D,Fort Tilden Beach,40.564254,-73.883913,34,11,23,8,13,3,10,0,5,26,5,20,2011,6
F,Sunshine Cinema,40.723024,-73.989961,11240,6371,4869,697,1610,5331,3549,0,6587,217,3572,6567,2011,6
E,Broadway and Shubert Alley,40.7578253,-73.9871766,19135,13414,5721,3300,5206,7908,2616,0,12690,656,4063,10427,2011,6
F,Broadway Theater,40.763417,-73.983394,13509,9655,3854,2975,2908,4938,2630,0,8700,638,3349,7758,2011,6
E,Empire State Building,40.7484405,-73.9856644,38992,27711,11281,9751,9719,13810,5610,0,28066,384,8777,21355,2011,6
F,AMC Lowes Lincoln Square,40.774866,-73.981646,16751,11731,5020,2722,5268,7119,1508,0,11840,130,5129,10297,2011,6
D,Coney Island Beach,40.5749261,-73.9859414,671,405,266,114,181,216,142,0,23,621,84,360,2011,6
A,Bryant Park,40.7535965,-73.9832326,51573,42250,9323,20777,14433,11509,4461,0,34517,1117,18200,31382,2011,6
E,Rockefeller Center,40.7587402,-73.9786736,27293,21697,5596,11556,9077,5550,784,0,19745,378,7605,16447,2011,6
D,Rockaway beach and Boardwalk,40.5863767,-73.8004768,160,106,54,20,28,55,53,0,16,132,18,91,2011,6
A,State of liberty National Monument,40.6892494,-74.0445004,25252,16941,8310,9660,6671,5438,3349,0,5708,670,4212,13811,2011,6
E,Times Square,40.759011,-73.9844722,32663,24233,8430,8400,8126,11891,4038,0,20211,2342,7567,18348,2011,6
B,Mandarin Oriental,40.768971,-73.983044,14369,10116,4253,2979,4015,5293,1970,333,9200,387,4272,8674,2011,7
A,Battery Park,40.7032775,-74.0170279,31591,18908,12683,12396,8857,6394,3772,1141,7269,598,4325,16532,2011,7
C,Literary Walk,40.7723522,-73.9715901,17,11,6,3,1,6,7,2,12,1,6,9,2011,7
B,The Greenwich Hotel,40.719846,-74.009893,30856,22270,8586,8858,5714,13529,2622,384,14309,425,10338,18726,2011,7
A,Riverside Park,40.8012339,-73.9723096,286180,201651,84528,38669,69121,119498,57275,7332,125835,6262,71916,171572,2011,7
C,Ricahrd Morris Hunt Memorial,40.7714825,-73.9677474,1202,832,370,357,526,267,47,10,830,3,255,690,2011,7
B,Trump SoHo Hotel,40.725469,-74.005333,11463,7440,4023,1585,2827,4395,2613,243,5529,637,2681,6394,2011,7
C,107th Infantry Memorial,40.769249,-73.9694586,1775,1281,493,455,802,438,71,48,1347,16,405,1031,2011,7
B,The Mark Hotel,40.775274,-73.963405,13408,10362,3046,2780,4582,4841,1146,151,9266,166,3422,8198,2011,7
E,Museum of National History,40.7813241,-73.9739882,21756,13509,8247,8398,10902,2030,408,528,12227,87,2656,10560,2011,7
C,911 Memorial,40.7115405,-74.0132725,59730,40273,19457,17834,13315,15921,12027,1434,21609,2152,14757,33886,2011,7
B,The Pierre Hotel,40.765247,-73.971998,6026,4137,1888,1538,2578,1558,326,116,4081,127,1360,3488,2011,7
E,Metropolitan Museum of Art,40.7791865,-73.9635348,24343,15050,9292,9951,10949,3215,210,553,10995,59,3873,13049,2011,7
C,Grants Tomb,40.8134045,-73.9630671,1991,1252,738,279,426,749,521,38,619,86,412,1160,2011,7
B,Gramercy Park Hotel,40.738524,-73.985742,13591,9442,4149,1359,2887,6629,2689,217,9152,281,4244,7979,2011,7
A,Central Park,40.7711329,-73.9741874,1006180,698153,308026,229279,316586,328979,125647,22345,600383,17103,247982,585604,2011,7
A,Rockaway Beach and Boardwalk,40.5863767,-73.8004768,149,104,45,19,39,50,40,9,8,126,101,90,2011,7
C,Grand Army Plaza,40.764591,-73.9736523,36131,24714,11417,10219,14722,8886,2160,795,27147,498,8296,20600,2011,7
B,Four Seasons Hotel,40.762347,-73.971312,28321,21774,6547,10123,7567,7291,3218,334,19723,377,8346,17192,2011,7
B,The Plaza,40.764464,-73.974489,13931,9666,4264,3472,5367,3768,1278,298,9934,330,3189,7926,2011,7
C,Washington Square Arch,40.7314658,-73.9970956,38224,24826,13398,6865,9551,14443,7216,892,21630,794,10954,22015,2011,7
B,The Surrey Hotel,40.774287,-73.96397,18944,14352,4591,3844,6382,6851,1826,262,12354,306,4336,11193,2011,7
C,Statue of Liberty,40.6892494,-74.0445004,31591,18908,12683,12396,8857,6394,3772,1141,7269,598,4325,16532,2011,7
C,Columbus Circle Fountain,40.767885,-73.982622,35882,23835,12047,7786,12214,12768,2951,882,24696,474,9757,20896,2011,7
B,The Peninsula Hotel,40.761719,-73.975259,15352,11398,3954,4891,5168,4110,1062,216,10815,331,4443,9256,2011,7
D,Orchard Beach,40.8629619,-73.7926456,25,14,11,14,10,1,0,2,0,16,1,13,2011,7
D,Long Beach,40.5884373,-73.657908,39,29,10,6,16,8,8,1,10,23,40,22,2011,7
A,Coney Island,40.5749261,-73.9859414,876,516,359,145,287,258,174,49,31,806,71,473,2011,7
A,Prospect Park,40.6602037,-73.9689558,30386,18417,11969,2033,3566,10366,13876,892,3452,5426,6400,17909,2011,7
F,Regal Cinemas Battery Park,40.71499216,-74.01525132,22264,17385,4879,9625,5340,6005,1123,316,7673,419,7464,13935,2011,7
D,Jones Beach,40.6298139,-73.5030099,1,1,0,0,0,1,0,0,0,0,0,1,2011,7
D,Fort Tilden Beach,40.564254,-73.883913,35,15,20,4,8,15,8,2,0,30,2,22,2011,7
F,Sunshine Cinema,40.723024,-73.989961,11261,5711,5550,548,1630,5113,3915,202,6807,198,3358,6372,2011,7
E,Broadway and Shubert Alley,40.7578253,-73.9871766,20535,12874,7661,3137,6138,8567,2592,442,13845,620,3795,10779,2011,7
F,Broadway Theater,40.763417,-73.983394,13994,9259,4735,2568,3627,5292,2448,299,9066,562,3180,7793,2011,7
E,Empire State Building,40.7484405,-73.9856644,48441,30426,18015,10259,13944,17591,6517,1408,34799,352,8873,25233,2011,7
F,AMC Lowes Lincoln Square,40.774866,-73.981646,19267,12373,6894,2732,6028,8827,1602,442,13348,120,5652,11481,2011,7
D,Coney Island Beach,40.5749261,-73.9859414,876,516,359,145,287,258,174,49,31,806,71,473,2011,7
A,Bryant Park,40.7535965,-73.9832326,53151,40672,12479,20333,14978,12928,4652,683,35791,927,17838,31358,2011,7
E,Rockefeller Center,40.7587402,-73.9786736,31319,22208,9111,11080,12351,6576,962,837,22855,336,8093,18103,2011,7
D,Rockaway beach and Boardwalk,40.5863767,-73.8004768,149,104,45,19,39,50,40,9,8,126,101,90,2011,7
A,State of liberty National Monument,40.6892494,-74.0445004,31591,18908,12683,12396,8857,6394,3772,1141,7269,598,4325,16532,2011,7
E,Times Square,40.759011,-73.9844722,35583,23979,11604,7198,10705,12834,4509,803,22321,2389,7153,19071,2011,7
C,Statue of Liberty,40.6892494,-74.0445004,25619,19758,5861,10341,7134,5096,2933,0,5296,612,3645,13515,2011,8
E,Rockefeller Center,40.7587402,-73.9786736,27090,22760,4330,10596,10082,5367,726,0,19382,368,7130,15869,2011,8
B,The Peninsula Hotel,40.761719,-73.975259,13282,11261,2021,4875,4383,3164,744,0,9309,271,3982,8096,2011,8
A,Rockaway Beach and Boardwalk,40.5863767,-73.8004768,165,134,31,25,40,49,50,0,15,128,19,84,2011,8
E,Times Square,40.759011,-73.9844722,28521,22553,5968,6255,8472,9724,3828,0,17950,1950,5966,15613,2011,8
D,Orchard Beach,40.8629619,-73.7926456,7,6,1,1,1,5,0,0,0,2,1,3,2011,8
C,Literary Walk,40.7723522,-73.9715901,16,12,3,1,4,9,1,0,4,0,2,8,2011,8
D,Long Beach,40.5884373,-73.657908,37,31,6,3,10,10,14,0,4,29,166,25,2011,8
A,Battery Park,40.7032775,-74.0170279,25619,19758,5861,10341,7133,5096,2933,0,5297,611,3645,13515,2011,8
C,Ricahrd Morris Hunt Memorial,40.7714825,-73.9677474,1039,885,154,351,442,214,24,0,748,9,188,588,2011,8
C,107th Infantry Memorial,40.769249,-73.9694586,1867,1625,242,518,693,525,124,0,1354,14,390,984,2011,8
D,Jones Beach,40.6298139,-73.5030099,5,5,0,0,0,5,0,0,5,0,1,1,2011,8
C,911 Memorial,40.7115405,-74.0132725,51666,41184,10482,18449,10579,13693,8359,0,17726,1986,13459,30229,2011,8
E,Broadway and Shubert Alley,40.7578253,-73.9871766,18060,14036,4024,3067,5115,7734,2072,0,12279,648,3646,9679,2011,8
A,Bryant Park,40.7535965,-73.9832326,48807,42591,6216,20809,13096,11125,3400,0,32926,797,16713,29337,2011,8
B,The Plaza,40.764464,-73.974489,11684,9592,2091,3244,4514,3026,867,0,8245,249,2710,6752,2011,8
C,Grants Tomb,40.8134045,-73.9630671,1757,1344,413,246,419,686,386,0,598,91,376,1077,2011,8
E,Empire State Building,40.7484405,-73.9856644,41343,32958,8385,9724,12229,14234,5039,0,30040,344,8527,22215,2011,8
C,Grand Army Plaza,40.764591,-73.9736523,31060,25518,5542,9758,12265,7297,1611,0,23210,381,7304,17814,2011,8
D,Coney Island Beach,40.5749261,-73.9859414,731,545,186,117,217,229,147,0,36,649,64,396,2011,8
A,Coney Island,40.5749261,-73.9859414,731,545,186,117,217,229,147,0,36,649,64,396,2011,8
C,Washington Square Arch,40.7314658,-73.9970956,32184,25669,6515,6146,8811,12514,4604,0,18244,628,8748,18568,2011,8
D,Rockaway beach and Boardwalk,40.5863767,-73.8004768,165,134,31,25,40,49,50,0,15,128,19,84,2011,8
A,Riverside Park,40.8012339,-73.9723096,249114,201136,47978,35381,60109,106084,45780,0,107866,5855,63463,151443,2011,8
C,Columbus Circle Fountain,40.767885,-73.982622,29906,24033,5873,6894,9649,10785,2421,0,20661,420,8634,17622,2011,8
B,Mandarin Oriental,40.768971,-73.983044,12332,10029,2303,2679,3367,4453,1730,0,7900,369,3740,7602,2011,8
B,The Greenwich Hotel,40.719846,-74.009893,27947,23540,4407,9102,5150,11468,2043,0,12837,308,9996,17274,2011,8
A,State of liberty National Monument,40.6892494,-74.0445004,25619,19758,5861,10341,7134,5096,2933,0,5296,612,3645,13515,2011,8
B,Trump SoHo Hotel,40.725469,-74.005333,9362,7189,2173,1445,2380,3499,1981,0,4679,477,2364,5243,2011,8
B,The Mark Hotel,40.775274,-73.963405,11669,10007,1661,2503,3938,4169,1019,0,8091,148,2927,7121,2011,8
D,Fort Tilden Beach,40.564254,-73.883913,22,13,9,5,8,8,1,0,0,18,4,14,2011,8
F,Regal Cinemas Battery Park,40.71499216,-74.01525132,18573,16266,2307,9043,4558,4052,737,0,5892,345,6202,11717,2011,8
B,The Pierre Hotel,40.765247,-73.971998,5053,4175,877,1470,2125,1187,251,0,3526,101,1220,2992,2011,8
A,Prospect Park,40.6602037,-73.9689558,27273,20829,6444,2060,3241,10043,11555,0,3082,5233,6019,16230,2011,8
E,Museum of National History,40.7813241,-73.9739882,17035,13108,3926,6862,8189,1596,377,0,9494,66,2165,8435,2011,8
F,Sunshine Cinema,40.723024,-73.989961,9741,6306,3435,641,1589,4429,3028,0,5649,165,2936,5633,2011,8
B,Gramercy Park Hotel,40.738524,-73.985742,11092,8916,2176,1225,2480,5312,2057,0,7730,223,3579,6677,2011,8
E,Metropolitan Museum of Art,40.7791865,-73.9635348,15671,11526,4145,6164,6773,2465,253,0,7443,32,2516,8507,2011,8
F,Broadway Theater,40.763417,-73.983394,13294,10569,2725,2799,2945,5321,2197,0,8700,585,3215,7420,2011,8
B,Four Seasons Hotel,40.762347,-73.971312,25288,21603,3685,9654,6957,6177,2386,0,17682,345,7937,15450,2011,8
A,Central Park,40.7711329,-73.9741874,856805,699623,157182,205662,256368,293087,97151,0,512641,15720,217984,504659,2011,8
F,AMC Lowes Lincoln Square,40.774866,-73.981646,14724,11164,3560,2529,4520,6428,1165,0,10520,156,4360,8954,2011,8
B,The Surrey Hotel,40.774287,-73.96397,16530,13975,2554,3603,5806,5809,1279,0,11018,217,3891,9934,2011,8
E,Rockefeller Center,40.7587402,-73.9786736,25743,19514,6229,11062,9086,4506,813,786,18242,345,7803,15411,2011,9
E,Times Square,40.759011,-73.9844722,26720,19337,7383,6040,7320,8873,4263,815,16159,2173,6276,14851,2011,9
C,Literary Walk,40.7723522,-73.9715901,22,20,2,6,4,12,0,0,20,0,1,8,2011,9
B,The Plaza,40.764464,-73.974489,11850,8711,3139,3678,4013,3212,898,348,8134,273,3221,6885,2011,9
D,Orchard Beach,40.8629619,-73.7926456,6,0,6,0,1,5,0,0,0,1,1,2,2011,9
C,Ricahrd Morris Hunt Memorial,40.7714825,-73.9677474,1316,1069,247,415,556,322,23,16,929,19,318,755,2011,9
D,Long Beach,40.5884373,-73.657908,41,32,9,9,13,8,11,8,9,31,17,24,2011,9
C,107th Infantry Memorial,40.769249,-73.9694586,2179,1779,399,732,754,605,85,28,1735,21,606,1313,2011,9
A,Prospect Park,40.6602037,-73.9689558,29946,19256,10690,2233,3261,9855,14095,1122,3333,5220,6588,17910,2011,9
D,Jones Beach,40.6298139,-73.5030099,5,0,5,0,5,0,0,0,5,0,0,1,2011,9
C,911 Memorial,40.7115405,-74.0132725,57072,42048,15024,19545,12666,14339,9977,1478,18580,2192,14310,32849,2011,9
A,Battery Park,40.7032775,-74.0170279,21716,14590,7126,7622,5987,4684,3285,781,5014,715,3747,11952,2011,9
E,Broadway and Shubert Alley,40.7578253,-73.9871766,16023,11226,4797,2751,3950,7050,2167,678,10170,633,3593,8729,2011,9
C,Grants Tomb,40.8134045,-73.9630671,2228,1471,757,322,468,856,569,62,783,87,473,1282,2011,9
C,Grand Army Plaza,40.764591,-73.9736523,29192,21789,7403,9532,10571,7271,1664,961,21402,445,8220,17175,2011,9
E,Empire State Building,40.7484405,-73.9856644,35712,23895,11817,8546,9379,12247,5398,1248,25171,362,8151,19544,2011,9
D,Coney Island Beach,40.5749261,-73.9859414,663,405,258,103,195,227,130,34,21,592,60,364,2011,9
C,Washington Square Arch,40.7314658,-73.9970956,40327,28037,12290,8549,10242,15454,5986,1053,24035,789,12097,23501,2011,9
D,Rockaway beach and Boardwalk,40.5863767,-73.8004768,128,97,31,19,25,46,31,2,9,112,15,73,2011,9
C,Columbus Circle Fountain,40.767885,-73.982622,33488,24245,9242,8358,9954,12196,2771,951,22367,510,10075,19738,2011,9
B,Mandarin Oriental,40.768971,-73.983044,15043,11059,3984,3489,3740,5571,2132,352,9343,475,4827,9232,2011,9
A,Riverside Park,40.8012339,-73.9723096,320373,235245,85128,50324,81741,132727,54215,7878,153728,6314,82834,191079,2011,9
B,The Greenwich Hotel,40.719846,-74.009893,30510,23219,7291,9367,5734,12634,2532,556,13652,414,10521,18410,2011,9
A,Central Park,40.7711329,-73.9741874,996422,748803,247619,239408,295068,347277,109703,23108,617254,18568,273906,588052,2011,9
B,Trump SoHo Hotel,40.725469,-74.005333,9256,6543,2713,1625,2292,3403,1892,304,4899,447,2590,5326,2011,9
B,The Mark Hotel,40.775274,-73.963405,14026,10740,3286,3430,4379,4943,1227,251,9670,126,3653,8580,2011,9
A,Bryant Park,40.7535965,-73.9832326,50861,39573,11288,20754,13962,11439,4385,923,33844,1086,17879,30169,2011,9
D,Fort Tilden Beach,40.564254,-73.883913,22,7,15,6,7,7,2,1,2,14,4,14,2011,9
B,The Pierre Hotel,40.765247,-73.971998,5647,4233,1413,1724,1969,1644,282,143,3962,110,1657,3347,2011,9
B,Gramercy Park Hotel,40.738524,-73.985742,14528,10270,4258,1780,2823,6593,3291,278,9811,295,4802,8490,2011,9
B,Four Seasons Hotel,40.762347,-73.971312,27316,21323,5993,10153,7106,6465,3523,544,18512,420,8727,16640,2011,9
B,The Surrey Hotel,40.774287,-73.96397,19330,14820,4509,4782,6145,6820,1528,344,13071,204,4882,11711,2011,9
C,Statue of Liberty,40.6892494,-74.0445004,21716,14590,7126,7622,5987,4684,3285,781,5014,715,3747,11952,2011,9
F,Regal Cinemas Battery Park,40.71499216,-74.01525132,17239,14885,2354,8280,4180,3770,886,293,5412,453,5835,11012,2011,9
A,State of liberty National Monument,40.6892494,-74.0445004,21716,14590,7126,7622,5987,4684,3285,781,5014,715,3747,11952,2011,9
E,Museum of National History,40.7813241,-73.9739882,12475,8770,3704,4063,5786,2222,393,544,7289,94,2179,6654,2011,9
A,Rockaway Beach and Boardwalk,40.5863767,-73.8004768,128,97,31,19,25,46,31,2,9,112,15,73,2011,9
F,Sunshine Cinema,40.723024,-73.989961,10809,6362,4447,549,1656,4920,3623,276,5996,216,3192,5947,2011,9
B,The Peninsula Hotel,40.761719,-73.975259,13355,10402,2953,5257,3878,3027,1085,277,9216,284,4264,8197,2011,9
E,Metropolitan Museum of Art,40.7791865,-73.9635348,12390,9260,3130,4424,5440,2282,237,319,6570,44,2073,6859,2011,9
F,Broadway Theater,40.763417,-73.983394,12777,9233,3544,2604,2657,5041,2418,307,8073,592,3250,7345,2011,9
A,Coney Island,40.5749261,-73.9859414,663,405,258,103,195,227,130,34,21,592,60,364,2011,9
F,AMC Lowes Lincoln Square,40.774866,-73.981646,15244,10490,4754,2660,4522,6754,1210,469,10721,185,4782,9300,2011,9
