B,Mandarin Oriental,40.768971,-73.983044,16534,12031,4502,3568,4403,6429,2046,808,10734,503,5272,9774,2012,1
A,Battery Park,40.7032775,-74.0170279,17560,12100,5460,5927,4631,4124,2760,1264,4359,595,3402,9863,2012,1
C,Literary Walk,40.7723522,-73.9715901,22,17,5,5,8,4,5,1,8,0,3,7,2012,1
B,The Greenwich Hotel,40.719846,-74.009893,30670,22210,8460,8520,6352,13187,2487,1371,14269,348,10661,18239,2012,1
A,Riverside Park,40.8012339,-73.9723096,342317,244689,97627,52801,90010,146078,51997,18430,169630,6385,88968,202856,2012,1
C,Ricahrd Morris Hunt Memorial,40.7714825,-73.9677474,1467,1101,366,458,713,262,33,68,1077,12,279,813,2012,1
B,Trump SoHo Hotel,40.725469,-74.005333,8693,5746,2947,1476,1996,3041,2155,410,4521,407,2611,5029,2012,1
C,107th Infantry Memorial,40.769249,-73.9694586,1993,1423,570,602,787,518,78,110,1613,15,482,1168,2012,1
B,The Mark Hotel,40.775274,-73.963405,15755,11904,3851,3761,5450,5493,1012,900,11566,124,4171,9596,2012,1
E,Museum of National History,40.7813241,-73.9739882,14614,9408,5205,4813,6755,2541,493,1373,8705,93,2670,7620,2012,1
C,911 Memorial,40.7115405,-74.0132725,55324,40463,14861,21714,12485,12398,8216,2713,18318,1689,14226,31839,2012,1
B,The Pierre Hotel,40.765247,-73.971998,5885,4324,1560,1784,2424,1410,242,361,4223,92,1634,3429,2012,1
E,Metropolitan Museum of Art,40.7791865,-73.9635348,14617,9716,4900,5109,6809,2467,216,883,8353,51,2857,8245,2012,1
C,Grants Tomb,40.8134045,-73.9630671,1898,1248,649,255,390,790,443,80,606,82,439,1123,2012,1
B,Gramercy Park Hotel,40.738524,-73.985742,12800,8487,4313,1370,2762,5881,2753,645,8684,236,4339,7736,2012,1
A,Central Park,40.7711329,-73.9741874,1041571,756830,284740,257483,329008,351025,99731,56682,657811,16287,283839,608033,2012,1
A,Rockaway Beach and Boardwalk,40.5863767,-73.8004768,114,85,29,14,24,52,22,5,3,108,13,62,2012,1
C,Grand Army Plaza,40.764591,-73.9736523,34015,24646,9368,11229,13857,7501,1289,2231,25609,402,9212,19739,2012,1
B,Four Seasons Hotel,40.762347,-73.971312,31376,25356,6020,12923,8905,7073,2407,1275,22266,309,9770,18614,2012,1
B,The Plaza,40.764464,-73.974489,12070,8632,3437,3858,4629,2881,670,757,8567,215,3181,7066,2012,1
C,Washington Square Arch,40.7314658,-73.9970956,34094,23508,10586,7045,8145,13943,4876,1430,19681,839,10500,19590,2012,1
B,The Surrey Hotel,40.774287,-73.96397,21618,16249,5368,4921,7573,7489,1590,1074,15083,265,5302,12825,2012,1
C,Statue of Liberty,40.6892494,-74.0445004,17560,12100,5459,5927,4631,4124,2760,1264,4359,595,3402,9863,2012,1
C,Columbus Circle Fountain,40.767885,-73.982622,32950,23633,9316,8021,10606,11825,2318,1888,22678,450,10068,19472,2012,1
B,The Peninsula Hotel,40.761719,-73.975259,14843,11648,3195,5759,4686,3345,968,769,10440,264,4788,9117,2012,1
D,Orchard Beach,40.8629619,-73.7926456,2,1,1,1,0,1,0,0,1,0,0,2,2012,1
D,Long Beach,40.5884373,-73.657908,26,12,14,0,11,5,5,5,3,23,38,14,2012,1
A,Coney Island,40.5749261,-73.9859414,558,379,179,73,101,223,153,40,52,471,81,330,2012,1
A,Prospect Park,40.6602037,-73.9689558,31620,19818,11802,1862,2945,11527,14796,1614,3176,5410,6931,18781,2012,1
F,Regal Cinemas Battery Park,40.71499216,-74.01525132,17393,14346,3047,7091,4801,4529,833,677,5805,413,6030,11069,2012,1
D,Fort Tilden Beach,40.564254,-73.883913,13,9,4,0,2,11,0,0,0,9,1,8,2012,1
F,Sunshine Cinema,40.723024,-73.989961,13049,6937,6112,696,2030,6075,4191,596,8119,131,4523,7292,2012,1
E,Broadway and Shubert Alley,40.7578253,-73.9871766,17949,11675,6274,3320,5404,7169,1946,1132,12123,491,3906,9611,2012,1
F,Broadway Theater,40.763417,-73.983394,13282,9424,3858,3309,3177,4275,2476,692,8710,512,3386,7462,2012,1
E,Empire State Building,40.7484405,-73.9856644,34425,23840,10585,8277,11122,10502,4423,2318,24401,377,8564,19187,2012,1
F,AMC Lowes Lincoln Square,40.774866,-73.981646,18808,12382,6426,3164,6614,7579,1365,1561,13188,181,5680,11374,2012,1
D,Coney Island Beach,40.5749261,-73.9859414,558,379,179,73,101,223,153,40,52,471,81,330,2012,1
A,Bryant Park,40.7535965,-73.9832326,51419,41455,9964,22076,14011,11202,3615,2328,34889,1087,17978,29997,2012,1
E,Rockefeller Center,40.7587402,-73.9786736,28161,21018,7143,11201,11038,5075,636,1849,20156,344,7971,16484,2012,1
D,Rockaway beach and Boardwalk,40.5863767,-73.8004768,114,85,29,14,24,52,22,5,3,108,13,62,2012,1
A,State of liberty National Monument,40.6892494,-74.0445004,17560,12100,5459,5927,4631,4124,2760,1264,4359,595,3402,9863,2012,1
E,Times Square,40.759011,-73.9844722,29770,20665,9105,5747,9063,10789,3992,1660,19135,1916,7615,16836,2012,1
C,Literary Walk,40.7723522,-73.9715901,5,3,2,0,1,2,1,0,3,0,0,4,2012,10
D,Orchard Beach,40.8629619,-73.7926456,5,0,5,0,5,0,0,0,0,5,0,1,2012,10
C,Ricahrd Morris Hunt Memorial,40.7714825,-73.9677474,1797,1339,457,626,731,393,45,19,1318,14,455,1013,2012,10
D,Long Beach,40.5884373,-73.657908,42,28,14,4,16,12,10,0,1,38,12,22,2012,10
A,Bryant Park,40.7535965,-73.9832326,56262,45994,10268,24132,15271,12345,3854,1432,37211,1164,23095,32504,2012,10
A,Rockaway Beach and Boardwalk,40.5863767,-73.8004768,144,98,46,13,26,63,41,4,5,132,18,80,2012,10
C,107th Infantry Memorial,40.769249,-73.9694586,1974,1485,488,586,733,561,80,27,1518,26,619,1193,2012,10
C,911 Memorial,40.7115405,-74.0132725,59393,43267,16126,20771,15039,13604,9371,1724,18611,2490,17485,33929,2012,10
A,Central Park,40.7711329,-73.9741874,1062056,780017,282038,264129,326069,363288,103555,28072,657451,20758,351940,620397,2012,10
B,The Plaza,40.764464,-73.974489,12627,9436,3191,3999,4475,3308,794,383,8779,368,4112,7400,2012,10
A,State of liberty National Monument,40.6892494,-74.0445004,21735,14358,7377,8222,5347,4748,3283,645,5063,759,4763,12012,2012,10
C,Grants Tomb,40.8134045,-73.9630671,1717,1115,602,256,350,658,438,35,534,47,488,1036,2012,10
E,Broadway and Shubert Alley,40.7578253,-73.9871766,16691,11838,4853,2937,4320,6938,2322,549,10761,704,4330,8920,2012,10
C,Grand Army Plaza,40.764591,-73.9736523,32481,24111,8370,11461,11669,7646,1527,737,24119,567,10804,19008,2012,10
E,Empire State Building,40.7484405,-73.9856644,36375,24581,11794,9462,10072,11467,5184,972,25590,408,10555,20270,2012,10
C,Washington Square Arch,40.7314658,-73.9970956,44234,30382,13852,9995,10876,16816,6439,1213,25356,913,15912,25565,2012,10
D,Coney Island Beach,40.5749261,-73.9859414,505,332,173,76,119,165,135,6,13,472,52,298,2012,10
D,Rockaway beach and Boardwalk,40.5863767,-73.8004768,144,98,46,13,26,63,41,4,5,132,18,80,2012,10
C,Columbus Circle Fountain,40.767885,-73.982622,36416,26301,10115,9112,10890,13285,2853,957,24257,579,13400,21292,2012,10
B,Mandarin Oriental,40.768971,-73.983044,17967,13293,4674,4061,4275,7159,2356,465,11125,721,7043,10652,2012,10
B,The Greenwich Hotel,40.719846,-74.009893,24330,17795,6535,6827,4772,10247,2315,677,11436,362,9722,14503,2012,10
B,Trump SoHo Hotel,40.725469,-74.005333,8703,6162,2541,1711,2232,3042,1638,233,4513,370,3117,5166,2012,10
B,The Mark Hotel,40.775274,-73.963405,15336,11672,3663,3570,4720,5743,1246,391,10683,145,4836,9411,2012,10
A,Coney Island,40.5749261,-73.9859414,505,332,173,76,119,165,135,6,13,472,52,298,2012,10
A,Battery Park,40.7032775,-74.0170279,21735,14358,7377,8222,5347,4748,3283,646,5063,759,4763,12012,2012,10
D,Fort Tilden Beach,40.564254,-73.883913,20,5,15,0,7,6,7,0,1,11,1,10,2012,10
B,The Pierre Hotel,40.765247,-73.971998,7013,5169,1844,2163,2507,2071,245,151,5059,105,2402,4120,2012,10
B,Gramercy Park Hotel,40.738524,-73.985742,12175,8344,3831,1786,2332,5212,2807,318,8255,245,4954,7534,2012,10
E,Museum of National History,40.7813241,-73.9739882,12886,8704,4182,4345,5301,2737,490,444,7841,103,2926,6939,2012,10
F,Regal Cinemas Battery Park,40.71499216,-74.01525132,24561,18407,6154,7524,5697,8308,2910,664,7676,1593,9355,15339,2012,10
B,Four Seasons Hotel,40.762347,-73.971312,31135,25025,6110,13050,8278,7112,2560,930,21704,368,11196,18287,2012,10
A,Prospect Park,40.6602037,-73.9689558,30509,19484,11025,2795,3040,10304,13856,726,3156,5855,8636,17959,2012,10
A,Riverside Park,40.8012339,-73.9723096,326003,237612,88391,56979,84088,133972,49486,8528,157570,6276,106089,196169,2012,10
B,The Surrey Hotel,40.774287,-73.96397,21382,16470,4912,5371,7068,7226,1644,499,14591,258,6318,12675,2012,10
F,Sunshine Cinema,40.723024,-73.989961,12311,6733,5578,982,1631,5256,4383,260,7096,161,4963,6822,2012,10
E,Metropolitan Museum of Art,40.7791865,-73.9635348,13167,9108,4059,4975,5654,2307,219,277,7185,51,2958,7449,2012,10
C,Statue of Liberty,40.6892494,-74.0445004,21735,14358,7377,8222,5347,4748,3283,646,5063,759,4763,12012,2012,10
F,Broadway Theater,40.763417,-73.983394,11668,8492,3176,2810,2485,4523,1764,282,7317,564,3642,6702,2012,10
B,The Peninsula Hotel,40.761719,-73.975259,15677,12421,3256,6556,3882,3865,1194,347,10708,383,5820,9373,2012,10
F,AMC Lowes Lincoln Square,40.774866,-73.981646,14751,10229,4522,2710,4680,6174,1101,489,10139,174,5590,9056,2012,10
E,Rockefeller Center,40.7587402,-73.9786736,25992,20184,5808,12831,7916,4092,839,690,18444,346,9698,15440,2012,10
E,Times Square,40.759011,-73.9844722,27480,20108,7372,7210,6931,9475,3663,767,17081,2329,7942,15602,2012,10
C,Literary Walk,40.7723522,-73.9715901,3,2,0,3,0,0,0,0,0,0,0,1,2012,11
D,Orchard Beach,40.8629619,-73.7926456,2,2,0,2,0,0,0,0,0,2,0,1,2012,11
C,Ricahrd Morris Hunt Memorial,40.7714825,-73.9677474,1744,1335,409,536,798,353,54,40,1276,24,452,945,2012,11
D,Long Beach,40.5884373,-73.657908,45,35,10,5,18,9,13,6,2,43,35,27,2012,11
A,Bryant Park,40.7535965,-73.9832326,52980,42340,10640,22524,14584,11080,4212,1798,35351,1105,20992,30690,2012,11
A,Rockaway Beach and Boardwalk,40.5863767,-73.8004768,106,69,36,21,23,30,27,1,3,92,12,54,2012,11
C,107th Infantry Memorial,40.769249,-73.9694586,2359,1771,588,765,840,653,95,45,1885,25,755,1352,2012,11
C,911 Memorial,40.7115405,-74.0132725,39197,30456,8741,17833,10295,7294,3452,1118,9778,1310,11464,21940,2012,11
A,Central Park,40.7711329,-73.9741874,1063258,780844,282414,267139,326313,356284,108803,33064,675388,19603,349911,617519,2012,11
B,The Plaza,40.764464,-73.974489,12978,9506,3472,4060,4730,3314,811,377,9304,334,4263,7500,2012,11
A,State of liberty National Monument,40.6892494,-74.0445004,15861,10924,4937,5125,4333,3951,2337,400,3969,429,3550,8921,2012,11
C,Grants Tomb,40.8134045,-73.9630671,1631,1143,487,232,351,611,428,50,572,47,439,973,2012,11
E,Broadway and Shubert Alley,40.7578253,-73.9871766,15737,10591,5146,2994,4649,5947,2012,399,10622,648,4435,8631,2012,11
C,Grand Army Plaza,40.764591,-73.9736523,35154,25508,9646,12374,12845,7981,1743,1055,26394,525,11742,20458,2012,11
E,Empire State Building,40.7484405,-73.9856644,35620,25161,10459,9486,10420,11199,4315,1021,24798,477,10859,20148,2012,11
C,Washington Square Arch,40.7314658,-73.9970956,39250,27215,12035,7735,9972,15542,5878,1290,22603,852,13867,22398,2012,11
D,Coney Island Beach,40.5749261,-73.9859414,408,260,148,67,86,132,115,14,14,365,38,239,2012,11
D,Rockaway beach and Boardwalk,40.5863767,-73.8004768,106,69,36,21,23,30,27,1,3,92,12,54,2012,11
C,Columbus Circle Fountain,40.767885,-73.982622,35677,25149,10528,8681,11090,12551,3105,1187,24281,505,13191,21016,2012,11
B,Mandarin Oriental,40.768971,-73.983044,17705,12906,4798,3674,4334,7276,2318,572,11111,620,6593,10392,2012,11
B,The Greenwich Hotel,40.719846,-74.009893,22952,16784,6168,6643,4485,9615,2070,761,9989,354,9043,13656,2012,11
B,Trump SoHo Hotel,40.725469,-74.005333,6770,4890,1880,1619,1500,2252,1370,206,3481,244,2502,4085,2012,11
B,The Mark Hotel,40.775274,-73.963405,15520,11685,3835,3477,5150,5623,1226,555,11090,112,5247,9659,2012,11
A,Coney Island,40.5749261,-73.9859414,408,260,148,67,86,132,115,14,14,365,38,239,2012,11
A,Battery Park,40.7032775,-74.0170279,15861,10924,4937,5125,4333,3951,2337,400,3969,429,3550,8921,2012,11
D,Fort Tilden Beach,40.564254,-73.883913,10,7,3,7,0,1,2,0,0,5,1,7,2012,11
B,The Pierre Hotel,40.765247,-73.971998,7519,5613,1906,2301,2851,2040,295,240,5506,112,2538,4271,2012,11
B,Gramercy Park Hotel,40.738524,-73.985742,10527,7253,3274,1446,1980,5157,1906,369,7174,212,4279,6514,2012,11
A,Riverside Park,40.8012339,-73.9723096,325523,237064,88458,54418,86449,132682,50473,10044,162488,6359,104830,193960,2012,11
E,Museum of National History,40.7813241,-73.9739882,13793,9496,4297,4393,5800,3075,518,317,8631,101,3251,7395,2012,11
A,Prospect Park,40.6602037,-73.9689558,29345,19246,10099,2150,3081,10117,13560,766,3555,5643,8238,17241,2012,11
B,Four Seasons Hotel,40.762347,-73.971312,31495,25069,6426,12748,8744,6921,2937,1091,22258,358,11740,18627,2012,11
F,Regal Cinemas Battery Park,40.71499216,-74.01525132,25069,18835,6234,6844,5982,9158,2949,836,8186,1390,9585,15535,2012,11
B,The Surrey Hotel,40.774287,-73.96397,22028,16969,5059,5007,7324,7831,1802,734,15642,216,6958,13050,2012,11
F,Sunshine Cinema,40.723024,-73.989961,10793,6260,4533,783,1634,4752,3556,213,6126,142,4297,5932,2012,11
E,Metropolitan Museum of Art,40.7791865,-73.9635348,12047,8400,3646,4215,5108,2457,254,222,6831,38,2750,6868,2012,11
C,Statue of Liberty,40.6892494,-74.0445004,15861,10924,4937,5125,4333,3951,2337,400,3969,429,3550,8921,2012,11
F,Broadway Theater,40.763417,-73.983394,11332,8136,3196,2567,2740,3830,2107,318,7289,574,3426,6526,2012,11
B,The Peninsula Hotel,40.761719,-73.975259,15321,11897,3424,6180,4035,3849,1076,481,10656,313,5809,9081,2012,11
F,AMC Lowes Lincoln Square,40.774866,-73.981646,18777,11821,6956,3261,6342,7687,1419,504,13077,143,7017,11382,2012,11
E,Rockefeller Center,40.7587402,-73.9786736,27751,21082,6669,12609,8601,5121,1055,985,19288,379,10143,16329,2012,11
E,Times Square,40.759011,-73.9844722,25923,18554,7369,5880,6654,9786,3375,733,16487,2107,7751,14704,2012,11
C,Statue of Liberty,40.6892494,-74.0445004,19927,12828,7098,5860,5245,5118,3540,6,4915,630,4333,11051,2012,12
E,Rockefeller Center,40.7587402,-73.9786736,29628,20551,9077,13060,9445,5265,1565,1,21806,401,9274,16748,2012,12
A,Rockaway Beach and Boardwalk,40.5863767,-73.8004768,130,79,50,12,27,34,48,1,3,124,33,71,2012,12
B,The Peninsula Hotel,40.761719,-73.975259,15341,10901,4440,5417,4794,3810,1152,0,11153,268,5600,8935,2012,12
E,Times Square,40.759011,-73.9844722,24960,16416,8544,5400,7577,8209,3623,0,16074,2273,6672,13668,2012,12
C,Literary Walk,40.7723522,-73.9715901,2,2,0,0,1,0,1,0,2,0,1,2,2012,12
D,Long Beach,40.5884373,-73.657908,33,24,9,4,9,11,7,0,2,31,6,18,2012,12
A,Battery Park,40.7032775,-74.0170279,19927,12828,7098,5860,5245,5118,3540,6,4915,630,4333,11051,2012,12
C,Ricahrd Morris Hunt Memorial,40.7714825,-73.9677474,1785,1240,545,647,725,356,55,0,1300,8,446,981,2012,12
C,107th Infantry Memorial,40.769249,-73.9694586,2005,1360,645,567,734,595,105,0,1583,22,618,1183,2012,12
C,911 Memorial,40.7115405,-74.0132725,52363,36031,16332,20308,14187,11947,5583,3,14499,1993,14227,28956,2012,12
E,Broadway and Shubert Alley,40.7578253,-73.9871766,15942,9900,6042,3270,5040,5530,1971,0,10838,562,4369,8672,2012,12
A,Bryant Park,40.7535965,-73.9832326,57620,42078,15542,22111,17028,13071,4965,16,39327,1138,21423,32644,2012,12
B,The Plaza,40.764464,-73.974489,14902,9755,5146,4432,5979,3630,808,1,10963,338,4575,8443,2012,12
C,Grants Tomb,40.8134045,-73.9630671,1867,1209,658,248,382,791,434,0,604,58,493,1090,2012,12
E,Empire State Building,40.7484405,-73.9856644,40031,25092,14939,10465,12818,11813,4763,8,28517,461,10745,21827,2012,12
C,Grand Army Plaza,40.764591,-73.9736523,40162,26138,14023,13229,16067,9091,1668,1,30897,483,12197,22628,2012,12
D,Coney Island Beach,40.5749261,-73.9859414,482,304,178,73,89,148,157,2,9,450,57,273,2012,12
A,Coney Island,40.5749261,-73.9859414,482,304,178,73,89,148,157,2,9,450,57,273,2012,12
C,Washington Square Arch,40.7314658,-73.9970956,37643,23620,14023,6854,9488,14815,6359,6,22598,750,13469,21078,2012,12
D,Rockaway beach and Boardwalk,40.5863767,-73.8004768,130,79,50,12,27,34,48,1,3,124,33,71,2012,12
A,Riverside Park,40.8012339,-73.9723096,331479,223822,107657,50635,85413,138170,55912,56,166279,6143,104148,196102,2012,12
C,Columbus Circle Fountain,40.767885,-73.982622,36420,23522,12897,8289,11993,12890,3060,7,25202,506,12431,21064,2012,12
B,Mandarin Oriental,40.768971,-73.983044,17072,11537,5534,3233,4579,6689,2471,0,10736,613,6170,9889,2012,12
B,The Greenwich Hotel,40.719846,-74.009893,27070,17812,9258,6398,5369,11951,3203,1,12674,346,10271,15567,2012,12
A,State of liberty National Monument,40.6892494,-74.0445004,19927,12828,7098,5860,5245,5118,3540,6,4915,630,4333,11051,2012,12
B,Trump SoHo Hotel,40.725469,-74.005333,8637,5860,2777,1598,1845,3537,1618,0,4405,377,2810,5015,2012,12
B,The Mark Hotel,40.775274,-73.963405,16042,11024,5017,3440,5706,5601,1249,0,11674,149,5014,9670,2012,12
D,Fort Tilden Beach,40.564254,-73.883913,5,4,1,2,2,0,1,0,0,5,0,4,2012,12
F,Regal Cinemas Battery Park,40.71499216,-74.01525132,25729,18394,7335,6180,6399,9655,3369,8,8204,1566,9231,15706,2012,12
B,The Pierre Hotel,40.765247,-73.971998,8134,5289,2844,2182,3448,2084,399,3,6036,98,2521,4559,2012,12
A,Prospect Park,40.6602037,-73.9689558,32391,19640,12751,2163,2867,10521,16320,29,3455,6169,8913,18949,2012,12
E,Museum of National History,40.7813241,-73.9739882,17323,10102,7221,5936,7907,2856,612,3,10593,117,3500,8997,2012,12
F,Sunshine Cinema,40.723024,-73.989961,14162,7740,6422,954,2434,6297,4401,0,8464,171,5522,7742,2012,12
B,Gramercy Park Hotel,40.738524,-73.985742,12158,7731,4427,1496,2669,5452,2510,0,8439,225,4619,7332,2012,12
E,Metropolitan Museum of Art,40.7791865,-73.9635348,15745,9236,6509,5697,7134,2632,274,0,8831,48,3514,8820,2012,12
F,Broadway Theater,40.763417,-73.983394,11413,7399,4014,2510,3010,3748,2088,0,7500,589,3486,6436,2012,12
B,Four Seasons Hotel,40.762347,-73.971312,32448,24301,8147,12434,10044,7188,2636,1,22954,409,11880,18793,2012,12
A,Central Park,40.7711329,-73.9741874,1118402,753841,364560,271637,354425,366822,120957,118,714189,19032,353840,641058,2012,12
F,AMC Lowes Lincoln Square,40.774866,-73.981646,18550,11400,7150,3335,6375,7280,1498,0,12891,180,6851,11270,2012,12
B,The Surrey Hotel,40.774287,-73.96397,21934,15551,6383,4837,7517,8034,1494,1,15547,176,6268,12848,2012,12
B,Mandarin Oriental,40.768971,-73.983044,17179,12479,4699,3596,4547,6741,2223,452,10825,414,5531,10178,2012,2
A,Battery Park,40.7032775,-74.0170279,17100,11640,5460,5655,4337,4091,2897,627,4197,490,3390,9650,2012,2
C,Literary Walk,40.7723522,-73.9715901,4,3,1,2,0,1,0,0,4,0,0,2,2012,2
B,The Greenwich Hotel,40.719846,-74.009893,31138,22684,8454,8430,5868,14011,2683,682,14157,366,10703,18436,2012,2
A,Riverside Park,40.8012339,-73.9723096,336850,242250,94599,54117,87025,141501,52759,9045,163519,5377,88600,200398,2012,2
C,Ricahrd Morris Hunt Memorial,40.7714825,-73.9677474,1744,1232,512,587,803,310,39,21,1248,12,342,967,2012,2
B,Trump SoHo Hotel,40.725469,-74.005333,9279,6483,2796,1661,1942,3617,2022,237,4852,446,2844,5384,2012,2
C,107th Infantry Memorial,40.769249,-73.9694586,1882,1357,524,550,713,536,80,44,1413,18,496,1116,2012,2
B,The Mark Hotel,40.775274,-73.963405,15284,11533,3751,3552,5258,5270,1158,390,10732,127,4193,9375,2012,2
E,Museum of National History,40.7813241,-73.9739882,14139,9060,5079,4800,6381,2517,432,777,8350,99,2686,7467,2012,2
C,911 Memorial,40.7115405,-74.0132725,53738,39331,14407,20151,11586,12799,8697,1550,18041,1825,14428,31029,2012,2
B,The Pierre Hotel,40.765247,-73.971998,5769,4190,1578,1667,2265,1614,202,173,4152,75,1644,3431,2012,2
E,Metropolitan Museum of Art,40.7791865,-73.9635348,13590,8749,4841,4581,6263,2549,187,390,7698,43,2608,7739,2012,2
C,Grants Tomb,40.8134045,-73.9630671,1938,1230,707,233,392,760,535,47,625,50,451,1126,2012,2
B,Gramercy Park Hotel,40.738524,-73.985742,12955,8675,4280,1350,2579,6004,2987,300,9002,243,4440,7725,2012,2
A,Central Park,40.7711329,-73.9741874,1016555,740413,276142,254247,306440,353782,97804,28268,633004,15660,278676,592138,2012,2
A,Rockaway Beach and Boardwalk,40.5863767,-73.8004768,138,96,42,18,30,35,53,1,11,112,20,79,2012,2
C,Grand Army Plaza,40.764591,-73.9736523,31735,22790,8944,10699,12466,7172,1245,1060,23539,421,8849,18605,2012,2
B,Four Seasons Hotel,40.762347,-73.971312,30223,24032,6191,11739,8646,7067,2643,700,21156,320,9283,17957,2012,2
B,The Plaza,40.764464,-73.974489,11945,8559,3385,3882,4197,3195,630,348,8348,206,3348,6986,2012,2
C,Washington Square Arch,40.7314658,-73.9970956,39848,28083,11765,8000,9896,15912,5912,975,23360,635,13234,23092,2012,2
B,The Surrey Hotel,40.774287,-73.96397,20698,15848,4850,4801,7198,7173,1492,598,14173,167,5369,12430,2012,2
C,Statue of Liberty,40.6892494,-74.0445004,17100,11640,5460,5655,4337,4091,2897,627,4197,490,3390,9650,2012,2
C,Columbus Circle Fountain,40.767885,-73.982622,33831,24250,9580,8191,10518,12645,2286,933,22866,449,10409,19969,2012,2
B,The Peninsula Hotel,40.761719,-73.975259,14952,11468,3484,5569,4609,3705,985,378,10326,304,4685,9094,2012,2
D,Orchard Beach,40.8629619,-73.7926456,1,1,0,0,0,1,0,0,0,1,0,1,2012,2
D,Long Beach,40.5884373,-73.657908,21,17,4,8,9,2,2,0,1,20,10,11,2012,2
A,Coney Island,40.5749261,-73.9859414,476,281,194,62,95,148,160,11,18,437,49,282,2012,2
A,Prospect Park,40.6602037,-73.9689558,32034,20435,11599,2212,2703,11438,15220,1073,3265,5042,7210,19000,2012,2
F,Regal Cinemas Battery Park,40.71499216,-74.01525132,18350,15269,3081,8002,4432,4924,888,309,5948,509,6546,11862,2012,2
D,Jones Beach,40.6298139,-73.5030099,2,2,0,0,0,2,0,0,0,0,0,2,2012,2
D,Fort Tilden Beach,40.564254,-73.883913,29,11,18,5,8,8,8,0,1,18,3,17,2012,2
F,Sunshine Cinema,40.723024,-73.989961,13339,7575,5764,708,2117,6132,4320,433,8152,135,4661,7369,2012,2
E,Broadway and Shubert Alley,40.7578253,-73.9871766,16934,11271,5663,3083,4902,7076,1772,560,11387,456,4042,9326,2012,2
F,Broadway Theater,40.763417,-73.983394,13446,9792,3654,2988,2928,5226,2220,337,8868,510,3335,7572,2012,2
E,Empire State Building,40.7484405,-73.9856644,34470,23185,11285,8183,10830,10835,4458,1215,24576,313,8941,19084,2012,2
F,AMC Lowes Lincoln Square,40.774866,-73.981646,16233,10423,5810,2993,5145,6916,1086,447,11448,114,4971,9710,2012,2
D,Coney Island Beach,40.5749261,-73.9859414,476,281,194,62,95,148,160,11,18,437,49,282,2012,2
A,Bryant Park,40.7535965,-73.9832326,53986,43547,10439,23176,14887,11932,3559,1317,36489,929,19189,31753,2012,2
E,Rockefeller Center,40.7587402,-73.9786736,25937,19353,6584,10711,10249,4171,577,901,18327,247,7738,15341,2012,2
D,Rockaway beach and Boardwalk,40.5863767,-73.8004768,138,96,42,18,30,35,53,1,11,112,20,79,2012,2
A,State of liberty National Monument,40.6892494,-74.0445004,17100,11640,5460,5655,4337,4091,2897,627,4197,490,3390,9650,2012,2
E,Times Square,40.759011,-73.9844722,28218,19383,8835,5424,8565,10293,3809,947,17793,1877,6981,15971,2012,2
F,Sunshine Cinema,40.723024,-73.989961,13068,7443,5625,711,2024,6005,4257,0,7595,181,4263,7286,2012,3
E,Empire State Building,40.7484405,-73.9856644,41310,27626,13684,9568,12436,13690,5485,0,29002,408,10385,23117,2012,3
A,Coney Island,40.5749261,-73.9859414,558,359,199,91,105,179,172,0,23,519,57,313,2012,3
F,Broadway Theater,40.763417,-73.983394,14991,10451,4540,3562,2831,5623,2895,0,9730,662,3817,8505,2012,3
D,Coney Island Beach,40.5749261,-73.9859414,558,359,199,91,105,179,172,0,23,519,57,313,2012,3
F,AMC Lowes Lincoln Square,40.774866,-73.981646,17224,11083,6141,3099,4779,7906,1350,0,11791,169,5657,10497,2012,3
D,Rockaway beach and Boardwalk,40.5863767,-73.8004768,139,94,45,21,29,49,35,0,8,121,18,86,2012,3
E,Rockefeller Center,40.7587402,-73.9786736,29324,21975,7349,12472,10525,5076,914,0,20674,410,8847,17329,2012,3
A,State of liberty National Monument,40.6892494,-74.0445004,21443,14780,6662,7082,5956,5070,3209,0,5232,736,4212,12015,2012,3
E,Times Square,40.759011,-73.9844722,32741,22425,10316,6568,9600,12271,4132,0,20935,2471,7489,18173,2012,3
B,Mandarin Oriental,40.768971,-73.983044,18994,13185,5809,4078,4744,7535,2507,0,11886,614,5930,11168,2012,3
B,The Greenwich Hotel,40.719846,-74.009893,33026,23647,9379,9035,6492,14409,2910,0,14721,350,11540,19688,2012,3
A,Prospect Park,40.6602037,-73.9689558,34123,21769,12354,2071,3274,11894,16436,0,3315,5957,7596,20018,2012,3
C,Literary Walk,40.7723522,-73.9715901,6,4,1,2,1,3,0,0,5,0,1,3,2012,3
B,Trump SoHo Hotel,40.725469,-74.005333,9738,6850,2888,1686,2297,3816,1877,0,4877,549,2885,5748,2012,3
C,Ricahrd Morris Hunt Memorial,40.7714825,-73.9677474,1816,1314,502,667,731,369,35,0,1280,20,377,1020,2012,3
B,The Mark Hotel,40.775274,-73.963405,16401,12289,4112,3904,5419,5898,1133,0,11420,139,4290,10106,2012,3
A,Rockaway Beach and Boardwalk,40.5863767,-73.8004768,139,94,45,21,29,49,35,0,8,121,18,86,2012,3
C,107th Infantry Memorial,40.769249,-73.9694586,1951,1442,509,609,736,532,66,0,1490,28,485,1145,2012,3
B,The Pierre Hotel,40.765247,-73.971998,6727,4959,1768,2113,2386,1944,263,0,4756,143,1865,3888,2012,3
C,911 Memorial,40.7115405,-74.0132725,60704,43853,16851,22293,13238,14710,9968,0,19612,2129,16127,34901,2012,3
B,Gramercy Park Hotel,40.738524,-73.985742,13736,9207,4529,1627,2730,6250,3094,0,9262,300,4602,8245,2012,3
A,Central Park,40.7711329,-73.9741874,1070674,769549,301124,264336,317292,371636,112370,0,655958,19738,291443,622726,2012,3
E,Museum of National History,40.7813241,-73.9739882,14967,9258,5708,4868,6434,3121,531,0,8931,93,2862,7876,2012,3
C,Grants Tomb,40.8134045,-73.9630671,2084,1349,735,281,452,798,540,0,668,68,477,1219,2012,3
B,Four Seasons Hotel,40.762347,-73.971312,33362,26397,6965,13766,9384,7333,2804,0,23324,461,10371,19888,2012,3
E,Metropolitan Museum of Art,40.7791865,-73.9635348,14503,9486,5017,5485,6031,2743,225,0,7610,61,2652,8170,2012,3
C,Grand Army Plaza,40.764591,-73.9736523,34315,25146,9169,12141,12534,7936,1557,0,25306,480,9610,20239,2012,3
B,The Surrey Hotel,40.774287,-73.96397,22588,16669,5919,5188,7766,7890,1716,0,15038,273,5606,13438,2012,3
C,Statue of Liberty,40.6892494,-74.0445004,21443,14780,6662,7082,5956,5070,3209,0,5232,736,4212,12015,2012,3
C,Washington Square Arch,40.7314658,-73.9970956,43864,29766,14098,9021,11265,17068,6390,0,25234,911,13684,25119,2012,3
A,Battery Park,40.7032775,-74.0170279,21443,14780,6662,7082,5956,5070,3209,0,5232,735,4212,12015,2012,3
B,The Peninsula Hotel,40.761719,-73.975259,16109,12467,3642,5898,4798,4103,1189,0,11184,361,4961,9748,2012,3
C,Columbus Circle Fountain,40.767885,-73.982622,36926,26017,10909,9097,11018,13754,2841,0,24867,621,11333,21708,2012,3
B,The Plaza,40.764464,-73.974489,12918,9417,3501,4273,4301,3521,791,0,8873,334,3460,7587,2012,3
D,Orchard Beach,40.8629619,-73.7926456,1,1,0,0,0,1,0,0,1,0,0,1,2012,3
D,Long Beach,40.5884373,-73.657908,32,16,16,2,10,7,13,0,7,23,59,18,2012,3
A,Bryant Park,40.7535965,-73.9832326,55617,44671,10946,23135,15616,12243,4186,0,37114,992,19470,32652,2012,3
D,Fort Tilden Beach,40.564254,-73.883913,30,21,9,4,6,13,7,0,2,28,5,19,2012,3
F,Regal Cinemas Battery Park,40.71499216,-74.01525132,22859,18130,4729,9193,5654,6662,1236,0,7567,842,7907,14582,2012,3
E,Broadway and Shubert Alley,40.7578253,-73.9871766,19177,12986,6191,3469,5090,8098,2399,0,12682,695,4490,10481,2012,3
A,Riverside Park,40.8012339,-73.9723096,346469,243756,102713,56310,87733,143680,57224,0,164691,7064,91536,206476,2012,3
C,Statue of Liberty,40.6892494,-74.0445004,24815,16747,8068,9719,6478,5122,3364,0,5232,714,4158,13373,2012,4
D,Orchard Beach,40.8629619,-73.7926456,2,2,0,1,1,0,0,0,2,0,2,2,2012,4
A,Rockaway Beach and Boardwalk,40.5863767,-73.8004768,141,95,46,26,18,40,54,0,11,123,21,78,2012,4
D,Long Beach,40.5884373,-73.657908,28,16,12,5,1,11,11,0,5,23,12,18,2012,4
B,The Peninsula Hotel,40.761719,-73.975259,16239,12199,4040,5894,4490,4566,1199,0,11260,297,4815,9671,2012,4
F,Regal Cinemas Battery Park,40.71499216,-74.01525132,24911,19467,5444,8987,5891,7715,2176,0,7379,1209,8437,15629,2012,4
A,Prospect Park,40.6602037,-73.9689558,34681,20812,13869,2814,4576,11310,15515,0,3444,6200,7525,20175,2012,4
F,Sunshine Cinema,40.723024,-73.989961,11075,6121,4954,805,1864,4604,3757,0,6237,222,3330,6076,2012,4
D,Jones Beach,40.6298139,-73.5030099,1,1,0,0,1,0,0,0,0,0,0,1,2012,4
D,Fort Tilden Beach,40.564254,-73.883913,13,10,3,1,3,6,3,0,2,8,2,10,2012,4
F,Broadway Theater,40.763417,-73.983394,13652,9666,3986,2915,2962,5502,2171,0,8797,598,3441,7720,2012,4
E,Broadway and Shubert Alley,40.7578253,-73.9871766,19307,12793,6514,3603,5140,8322,2134,0,12754,691,4116,10388,2012,4
E,Empire State Building,40.7484405,-73.9856644,42050,28787,13263,10399,11658,14797,5017,0,29455,433,9439,23132,2012,4
F,AMC Lowes Lincoln Square,40.774866,-73.981646,14880,9823,5057,2628,4197,6692,1288,0,10243,155,4826,8895,2012,4
D,Coney Island Beach,40.5749261,-73.9859414,647,373,273,97,180,187,167,0,17,597,58,363,2012,4
E,Rockefeller Center,40.7587402,-73.9786736,30192,22460,7732,13227,10034,5976,742,0,21323,385,8474,17666,2012,4
A,Battery Park,40.7032775,-74.0170279,24815,16747,8068,9719,6478,5122,3364,0,5232,714,4158,13373,2012,4
E,Times Square,40.759011,-73.9844722,32347,22364,9983,7247,8596,12434,3926,0,20681,2116,7071,17794,2012,4
D,Rockaway beach and Boardwalk,40.5863767,-73.8004768,141,95,46,26,18,40,54,0,11,123,21,78,2012,4
A,Central Park,40.7711329,-73.9741874,1109824,784567,325256,280547,343561,367241,113443,0,679921,19287,294310,640841,2012,4
B,The Plaza,40.764464,-73.974489,13449,9667,3782,3973,4768,3758,893,0,9274,319,3389,7651,2012,4
A,Bryant Park,40.7535965,-73.9832326,54654,43567,11087,22051,15911,12256,4034,0,35774,1264,18220,31267,2012,4
A,Riverside Park,40.8012339,-73.9723096,348377,241948,106429,57636,89784,142976,56483,0,166652,6396,92324,206865,2012,4
C,Literary Walk,40.7723522,-73.9715901,10,5,5,3,1,3,2,0,8,0,1,6,2012,4
B,Mandarin Oriental,40.768971,-73.983044,18325,13160,5165,4155,4693,7141,2213,0,11597,539,5877,10704,2012,4
B,The Greenwich Hotel,40.719846,-74.009893,30795,22525,8270,8888,5898,13154,2691,0,13954,390,10805,18337,2012,4
C,Ricahrd Morris Hunt Memorial,40.7714825,-73.9677474,1969,1380,589,743,862,329,34,0,1412,6,393,1092,2012,4
C,107th Infantry Memorial,40.769249,-73.9694586,2387,1629,758,759,954,593,76,0,1824,23,568,1348,2012,4
B,Trump SoHo Hotel,40.725469,-74.005333,9343,6475,2868,1843,2190,3322,1922,0,4719,482,2650,5405,2012,4
E,Museum of National History,40.7813241,-73.9739882,18431,12165,6266,6926,8052,2914,525,0,10844,107,3053,9422,2012,4
A,Coney Island,40.5749261,-73.9859414,647,373,273,97,180,187,167,0,17,597,58,363,2012,4
C,911 Memorial,40.7115405,-74.0132725,60249,43069,17180,20842,13914,15339,9618,0,19272,2318,14861,34133,2012,4
B,The Mark Hotel,40.775274,-73.963405,16243,12100,4143,3786,5529,5731,1135,0,11505,142,4335,9972,2012,4
E,Metropolitan Museum of Art,40.7791865,-73.9635348,15148,9620,5528,6301,6283,2322,225,0,8203,46,2630,8385,2012,4
B,The Pierre Hotel,40.765247,-73.971998,7193,5194,1999,2183,2712,1991,277,0,5015,118,1907,4197,2012,4
A,State of liberty National Monument,40.6892494,-74.0445004,24815,16747,8068,9719,6478,5122,3364,0,5232,714,4158,13373,2012,4
C,Grants Tomb,40.8134045,-73.9630671,2118,1295,823,333,374,789,593,0,643,59,483,1234,2012,4
B,Gramercy Park Hotel,40.738524,-73.985742,14098,9616,4482,1879,2766,6684,2746,0,9427,339,4486,8305,2012,4
C,Grand Army Plaza,40.764591,-73.9736523,34664,24625,10038,11819,12911,8224,1560,0,25417,508,9076,19961,2012,4
B,Four Seasons Hotel,40.762347,-73.971312,32010,24941,7069,11999,9149,7774,2949,0,22129,438,9481,18918,2012,4
C,Washington Square Arch,40.7314658,-73.9970956,46631,31750,14881,10420,12720,17115,6295,0,26296,829,13688,26477,2012,4
C,Columbus Circle Fountain,40.767885,-73.982622,36846,25391,11454,9295,11252,13332,2759,0,24911,554,10989,21451,2012,4
B,The Surrey Hotel,40.774287,-73.96397,22872,17133,5739,5496,7469,8155,1699,0,15535,272,5575,13669,2012,4
C,Statue of Liberty,40.6892494,-74.0445004,23730,15693,8036,8400,6549,5291,3345,855,5784,757,4417,13192,2012,5
D,Orchard Beach,40.8629619,-73.7926456,19,6,13,14,2,1,2,4,0,7,1,9,2012,5
A,Rockaway Beach and Boardwalk,40.5863767,-73.8004768,170,122,47,20,31,62,53,9,5,148,21,92,2012,5
D,Long Beach,40.5884373,-73.657908,33,27,6,13,6,9,5,8,3,30,14,16,2012,5
B,The Peninsula Hotel,40.761719,-73.975259,16546,13244,3302,6283,4361,4623,1147,273,11670,406,5469,10074,2012,5
A,Prospect Park,40.6602037,-73.9689558,36253,22529,13724,3635,4812,10961,15858,1100,3845,6431,8419,21219,2012,5
F,Regal Cinemas Battery Park,40.71499216,-74.01525132,26282,21003,5279,9384,6090,8300,2310,451,7822,1424,9005,16693,2012,5
F,Sunshine Cinema,40.723024,-73.989961,10524,6596,3928,739,1581,4587,3566,326,5795,188,3255,5836,2012,5
F,Broadway Theater,40.763417,-73.983394,13194,9795,3399,2690,3037,5050,2349,236,8463,674,3642,7701,2012,5
E,Broadway and Shubert Alley,40.7578253,-73.9871766,18767,13318,5449,3351,5195,7567,2537,610,12255,716,4298,10380,2012,5
D,Fort Tilden Beach,40.564254,-73.883913,12,5,7,1,6,3,2,1,1,11,2,8,2012,5
E,Empire State Building,40.7484405,-73.9856644,40485,26644,13841,10277,10633,13483,5899,1317,28216,467,9660,22519,2012,5
F,AMC Lowes Lincoln Square,40.774866,-73.981646,16113,11439,4674,2508,5063,6935,1504,480,10951,215,5270,9871,2012,5
E,Rockefeller Center,40.7587402,-73.9786736,28679,22217,6462,12646,8950,5696,1031,661,20347,363,9083,17036,2012,5
D,Coney Island Beach,40.5749261,-73.9859414,709,413,296,140,165,198,183,42,16,662,80,377,2012,5
D,Rockaway beach and Boardwalk,40.5863767,-73.8004768,170,122,47,20,31,62,53,9,5,148,21,92,2012,5
A,Battery Park,40.7032775,-74.0170279,23730,15693,8036,8400,6549,5291,3345,855,5784,757,4417,13192,2012,5
E,Times Square,40.759011,-73.9844722,33227,24422,8805,7832,8523,12839,3846,1007,20730,2429,8044,18853,2012,5
A,Central Park,40.7711329,-73.9741874,1135358,855013,280345,278838,350570,382412,118214,25971,701256,19965,319907,665267,2012,5
B,The Plaza,40.764464,-73.974489,13207,10110,3098,3894,4762,3602,905,350,9103,331,3812,7822,2012,5
A,Bryant Park,40.7535965,-73.9832326,55402,45566,9836,22794,15191,12617,4446,867,36989,1101,19435,32571,2012,5
A,Riverside Park,40.8012339,-73.9723096,358928,267632,91295,62260,92862,145397,56937,7408,172612,6393,97593,214440,2012,5
B,Mandarin Oriental,40.768971,-73.983044,18457,13929,4527,3976,4754,7455,2153,352,11626,625,6074,10942,2012,5
C,Literary Walk,40.7723522,-73.9715901,5,5,0,1,0,0,3,0,0,1,1,2,2012,5
C,Ricahrd Morris Hunt Memorial,40.7714825,-73.9677474,2043,1573,470,708,879,406,45,19,1475,15,413,1120,2012,5
B,The Greenwich Hotel,40.719846,-74.009893,29995,22826,7169,8486,5803,12787,2752,466,13241,441,10433,17957,2012,5
B,Trump SoHo Hotel,40.725469,-74.005333,9815,7225,2590,1868,2420,3559,1918,199,4734,601,2942,5695,2012,5
C,107th Infantry Memorial,40.769249,-73.9694586,2390,1716,674,768,934,610,75,66,1844,17,676,1415,2012,5
E,Museum of National History,40.7813241,-73.9739882,14691,10638,4053,4755,6117,3316,477,575,8797,117,2948,8048,2012,5
A,Coney Island,40.5749261,-73.9859414,709,413,296,140,165,198,183,42,16,662,80,377,2012,5
B,The Mark Hotel,40.775274,-73.963405,16720,13302,3417,4128,5222,5934,1352,267,11668,118,4912,10410,2012,5
C,911 Memorial,40.7115405,-74.0132725,62771,46299,16472,21613,14825,15330,10484,1755,20285,2451,15740,35743,2012,5
E,Metropolitan Museum of Art,40.7791865,-73.9635348,16411,11940,4471,6417,6904,2830,241,505,8798,57,3121,9358,2012,5
A,State of liberty National Monument,40.6892494,-74.0445004,23730,15693,8036,8400,6549,5291,3345,855,5784,757,4417,13192,2012,5
B,The Pierre Hotel,40.765247,-73.971998,7465,5493,1972,2280,2692,2206,265,141,5314,144,2199,4409,2012,5
C,Grants Tomb,40.8134045,-73.9630671,2217,1587,629,378,516,703,587,59,709,56,535,1336,2012,5
C,Grand Army Plaza,40.764591,-73.9736523,34231,25778,8453,11943,12155,8344,1644,894,25233,531,9942,20197,2012,5
B,Gramercy Park Hotel,40.738524,-73.985742,13943,10264,3679,1929,2711,6629,2637,254,9212,319,4779,8498,2012,5
C,Washington Square Arch,40.7314658,-73.9970956,39303,28169,11134,7263,9913,16172,5846,827,22718,845,12086,22768,2012,5
B,Four Seasons Hotel,40.762347,-73.971312,31960,26310,5650,12716,9258,7480,2387,408,22320,437,10475,19105,2012,5
B,The Surrey Hotel,40.774287,-73.96397,23735,18774,4961,5823,7448,8507,1897,316,16124,278,6371,14563,2012,5
C,Columbus Circle Fountain,40.767885,-73.982622,36990,26802,10187,8826,11840,13089,2958,1049,24928,607,11706,21957,2012,5
B,Mandarin Oriental,40.768971,-73.983044,16590,12264,4325,3232,4396,6498,2360,0,10363,609,5436,9854,2012,6
A,Battery Park,40.7032775,-74.0170279,24765,15920,8844,8980,6674,5503,3476,0,5749,785,4740,13702,2012,6
C,Literary Walk,40.7723522,-73.9715901,14,11,3,11,2,1,0,0,12,0,1,4,2012,6
B,The Greenwich Hotel,40.719846,-74.009893,28114,21075,7039,7811,5626,11807,2679,0,12713,391,10169,16988,2012,6
A,Riverside Park,40.8012339,-73.9723096,322492,227252,95240,50569,84119,130892,55436,0,153811,6076,89248,194028,2012,6
C,Ricahrd Morris Hunt Memorial,40.7714825,-73.9677474,1553,1226,327,500,603,388,56,0,1112,12,347,867,2012,6
B,Trump SoHo Hotel,40.725469,-74.005333,8869,6390,2479,1876,2152,3029,1743,0,4475,490,2805,5207,2012,6
C,107th Infantry Memorial,40.769249,-73.9694586,2334,1800,534,663,880,659,123,0,1794,19,630,1347,2012,6
B,The Mark Hotel,40.775274,-73.963405,14680,11346,3333,3419,4699,5237,1261,0,10210,146,4114,9032,2012,6
E,Museum of National History,40.7813241,-73.9739882,15253,10706,4547,5169,6387,3097,585,0,9189,84,2920,8100,2012,6
C,911 Memorial,40.7115405,-74.0132725,62502,44931,17571,21453,14717,15218,10607,0,19895,2360,16042,35772,2012,6
B,The Pierre Hotel,40.765247,-73.971998,7006,5193,1812,2119,2682,1944,234,0,4947,133,1961,4106,2012,6
E,Metropolitan Museum of Art,40.7791865,-73.9635348,14114,9556,4558,5035,6138,2606,304,0,7658,47,2695,8035,2012,6
C,Grants Tomb,40.8134045,-73.9630671,1953,1215,738,290,471,671,504,0,553,61,466,1166,2012,6
B,Gramercy Park Hotel,40.738524,-73.985742,12367,8591,3776,1755,2312,5764,2514,0,8288,295,4562,7661,2012,6
A,Central Park,40.7711329,-73.9741874,1057072,769539,287532,249943,320210,359599,121750,0,646184,19140,297834,617645,2012,6
A,Rockaway Beach and Boardwalk,40.5863767,-73.8004768,135,72,62,20,25,39,48,0,6,122,19,76,2012,6
C,Grand Army Plaza,40.764591,-73.9736523,32777,24345,8432,10925,11846,8119,1736,0,24098,519,9322,19195,2012,6
B,Four Seasons Hotel,40.762347,-73.971312,31283,24925,6358,12983,8726,6822,2674,0,21898,365,10309,18580,2012,6
B,The Plaza,40.764464,-73.974489,12783,9586,3196,3957,4458,3367,954,0,8932,367,3599,7487,2012,6
C,Washington Square Arch,40.7314658,-73.9970956,39633,26465,13168,7440,9380,15717,6981,0,22239,841,12388,22877,2012,6
B,The Surrey Hotel,40.774287,-73.96397,20126,15643,4483,4567,6587,7162,1767,0,13547,204,5310,12237,2012,6
C,Statue of Liberty,40.6892494,-74.0445004,24765,15920,8844,8980,6674,5503,3476,0,5749,785,4740,13702,2012,6
C,Columbus Circle Fountain,40.767885,-73.982622,34535,24294,10241,8216,10744,12208,3160,0,23219,557,10848,20403,2012,6
B,The Peninsula Hotel,40.761719,-73.975259,14651,11730,2921,5490,3760,4224,1022,0,10118,364,4844,8921,2012,6
D,Orchard Beach,40.8629619,-73.7926456,7,2,5,5,1,0,1,0,0,6,1,4,2012,6
D,Long Beach,40.5884373,-73.657908,21,14,7,5,4,9,3,0,4,17,9,16,2012,6
A,Coney Island,40.5749261,-73.9859414,776,445,331,139,226,238,152,0,24,734,71,433,2012,6
A,Prospect Park,40.6602037,-73.9689558,33648,21049,12599,2434,3780,11285,15614,0,3442,6298,7722,19904,2012,6
F,Regal Cinemas Battery Park,40.71499216,-74.01525132,26513,19996,6517,8722,6587,8463,2537,0,8367,1374,9232,16703,2012,6
D,Fort Tilden Beach,40.564254,-73.883913,50,26,24,1,21,18,4,0,0,50,5,20,2012,6
F,Sunshine Cinema,40.723024,-73.989961,11376,6481,4895,824,1639,4683,4174,0,6290,144,3728,6249,2012,6
E,Broadway and Shubert Alley,40.7578253,-73.9871766,18611,12305,6306,3296,5570,6947,2640,0,12379,678,4365,10172,2012,6
D,Jacob Riis Park  Beach,40.5650846,-73.8727573,3,3,0,0,0,0,3,0,0,0,0,1,2012,6
F,Broadway Theater,40.763417,-73.983394,12772,8775,3997,2621,3169,4543,2369,0,8163,645,3446,7442,2012,6
E,Empire State Building,40.7484405,-73.9856644,38463,26121,12342,9230,10014,13099,5953,0,26950,443,9628,21487,2012,6
F,AMC Lowes Lincoln Square,40.774866,-73.981646,15441,10493,4948,2349,5041,6496,1474,0,10509,138,5365,9459,2012,6
D,Coney Island Beach,40.5749261,-73.9859414,776,445,331,139,226,238,152,0,24,734,71,433,2012,6
A,Bryant Park,40.7535965,-73.9832326,56166,44209,11957,22185,15173,13683,4684,0,37316,1156,19879,32857,2012,6
E,Rockefeller Center,40.7587402,-73.9786736,27816,21443,6373,11789,9096,5496,1051,0,19844,277,8332,16303,2012,6
D,Rockaway beach and Boardwalk,40.5863767,-73.8004768,135,72,62,20,25,39,48,0,6,122,19,76,2012,6
A,State of liberty National Monument,40.6892494,-74.0445004,24765,15920,8844,8980,6674,5503,3476,0,5749,785,4740,13702,2012,6
E,Times Square,40.759011,-73.9844722,31418,22055,9363,7254,8516,11624,3840,0,19753,2492,7824,17685,2012,6
E,Rockefeller Center,40.7587402,-73.9786736,30780,23019,7761,11383,11684,6545,870,718,22121,339,8495,17580,2012,7
E,Times Square,40.759011,-73.9844722,31544,22059,9485,6172,9941,11480,3748,859,20030,2500,6543,17249,2012,7
C,Literary Walk,40.7723522,-73.9715901,7,2,5,4,1,2,0,0,4,0,0,4,2012,7
B,The Plaza,40.764464,-73.974489,12877,9512,3364,3768,5008,3157,913,314,9060,335,3101,7345,2012,7
D,Orchard Beach,40.8629619,-73.7926456,14,8,6,4,10,0,0,0,0,7,0,6,2012,7
D,Long Beach,40.5884373,-73.657908,39,30,9,4,16,2,17,1,5,29,32,22,2012,7
C,Ricahrd Morris Hunt Memorial,40.7714825,-73.9677474,1595,1197,397,502,704,337,45,41,1152,7,328,896,2012,7
C,107th Infantry Memorial,40.769249,-73.9694586,1894,1377,517,541,775,494,75,43,1442,21,476,1137,2012,7
A,Prospect Park,40.6602037,-73.9689558,31301,20455,10846,2194,3281,10836,14408,1139,3418,5670,7154,18272,2012,7
C,911 Memorial,40.7115405,-74.0132725,65877,47365,18512,22672,15886,16287,10400,1798,20970,2125,16373,37289,2012,7
A,Battery Park,40.7032775,-74.0170279,27613,18521,9092,10213,7841,5830,3600,884,6040,703,4370,14621,2012,7
E,Broadway and Shubert Alley,40.7578253,-73.9871766,20060,13415,6645,3269,6370,7904,2402,517,13540,616,3986,10628,2012,7
C,Grants Tomb,40.8134045,-73.9630671,1657,1093,564,234,342,575,483,41,523,62,364,1012,2012,7
E,Empire State Building,40.7484405,-73.9856644,45666,31180,14486,9594,13357,16244,6330,1356,32664,391,9784,24537,2012,7
C,Grand Army Plaza,40.764591,-73.9736523,34448,25280,9167,10733,13817,8090,1683,819,25561,495,8361,19509,2012,7
D,Coney Island Beach,40.5749261,-73.9859414,883,564,319,165,292,244,156,62,33,812,75,480,2012,7
C,Washington Square Arch,40.7314658,-73.9970956,40256,27508,12748,7146,9668,15691,7619,996,22305,728,11823,22672,2012,7
C,Columbus Circle Fountain,40.767885,-73.982622,35103,24949,10153,8027,11343,12418,3112,973,23941,499,10232,20410,2012,7
D,Rockaway beach and Boardwalk,40.5863767,-73.8004768,179,123,56,24,36,62,55,8,2,166,22,103,2012,7
B,Mandarin Oriental,40.768971,-73.983044,16336,12005,4331,3070,4361,6343,2435,487,10240,559,5324,9578,2012,7
A,Riverside Park,40.8012339,-73.9723096,275490,199708,75782,40885,67770,113443,51314,9004,122240,5861,75974,166266,2012,7
B,The Greenwich Hotel,40.719846,-74.009893,27637,20336,7301,7860,6009,11163,2463,618,12510,386,10057,16556,2012,7
A,Central Park,40.7711329,-73.9741874,972561,712204,260356,225027,302941,326811,111958,25197,579893,18358,260395,563314,2012,7
B,Trump SoHo Hotel,40.725469,-74.005333,9274,6643,2631,1944,2398,3158,1713,208,4768,522,2647,5446,2012,7
B,The Mark Hotel,40.775274,-73.963405,13102,10322,2780,2744,4372,4693,1255,285,8735,129,3521,7987,2012,7
A,Bryant Park,40.7535965,-73.9832326,56349,44751,11598,21584,16227,13244,4804,867,37510,1076,18800,32539,2012,7
B,The Pierre Hotel,40.765247,-73.971998,6681,4746,1935,1980,2984,1468,231,146,4713,135,1656,3778,2012,7
D,Fort Tilden Beach,40.564254,-73.883913,36,16,20,0,12,14,10,6,0,30,3,13,2012,7
B,Gramercy Park Hotel,40.738524,-73.985742,11317,8032,3285,1562,2492,5106,2108,289,7799,230,4000,7004,2012,7
B,Four Seasons Hotel,40.762347,-73.971312,29522,23726,5796,12044,8429,6438,2516,365,20517,404,9341,17457,2012,7
B,The Surrey Hotel,40.774287,-73.96397,18329,14453,3876,3615,6540,6646,1485,293,11870,236,4691,11197,2012,7
C,Statue of Liberty,40.6892494,-74.0445004,27613,18521,9092,10213,7841,5830,3600,884,6040,703,4370,14621,2012,7
F,Regal Cinemas Battery Park,40.71499216,-74.01525132,28706,21695,7011,8165,7600,9893,2884,675,9647,1310,9389,17751,2012,7
A,State of liberty National Monument,40.6892494,-74.0445004,27613,18521,9092,10213,7841,5830,3600,884,6040,703,4370,14621,2012,7
E,Museum of National History,40.7813241,-73.9739882,18319,12887,5432,6574,8500,2710,513,579,10504,97,2909,9416,2012,7
A,Rockaway Beach and Boardwalk,40.5863767,-73.8004768,179,123,56,24,36,62,55,8,2,166,22,103,2012,7
F,Sunshine Cinema,40.723024,-73.989961,11782,6747,5035,766,1934,5109,3903,415,6967,160,3845,6481,2012,7
B,The Peninsula Hotel,40.761719,-73.975259,14526,11520,3006,4992,4860,3590,963,215,10072,369,4492,8707,2012,7
E,Metropolitan Museum of Art,40.7791865,-73.9635348,15104,10197,4907,5353,7284,2209,231,520,7416,47,2559,8332,2012,7
F,Broadway Theater,40.763417,-73.983394,12839,9090,3749,2831,3394,4416,2142,290,8444,609,3226,7299,2012,7
A,Coney Island,40.5749261,-73.9859414,883,564,319,165,292,244,156,62,33,812,75,480,2012,7
F,AMC Lowes Lincoln Square,40.774866,-73.981646,16286,11019,5267,2551,5168,6894,1568,565,11011,125,5563,10070,2012,7
E,Rockefeller Center,40.7587402,-73.9786736,29932,23709,6223,12556,10380,5885,824,0,21333,428,8536,17292,2012,8
E,Times Square,40.759011,-73.9844722,31056,22447,8609,6737,9058,10560,4483,0,19520,2617,6671,17042,2012,8
C,Literary Walk,40.7723522,-73.9715901,15,9,5,1,8,4,2,0,11,1,4,8,2012,8
B,The Plaza,40.764464,-73.974489,12609,9585,3024,3819,4710,3173,866,0,8666,325,3085,7224,2012,8
D,Orchard Beach,40.8629619,-73.7926456,5,0,5,2,3,0,0,0,0,5,0,2,2012,8
D,Long Beach,40.5884373,-73.657908,41,26,15,7,11,14,9,0,6,33,29,26,2012,8
C,Ricahrd Morris Hunt Memorial,40.7714825,-73.9677474,1477,1153,323,504,627,297,42,0,1033,15,322,809,2012,8
C,107th Infantry Memorial,40.769249,-73.9694586,1857,1420,436,629,772,367,84,0,1369,26,476,1107,2012,8
A,Prospect Park,40.6602037,-73.9689558,29625,20079,9546,1995,2862,10030,14175,0,2769,5564,7019,17606,2012,8
C,911 Memorial,40.7115405,-74.0132725,65948,49286,16662,23149,15384,16519,10337,0,20769,2281,16380,37292,2012,8
A,Battery Park,40.7032775,-74.0170279,26159,18265,7893,9427,7340,5629,3630,0,5581,710,4349,13995,2012,8
E,Broadway and Shubert Alley,40.7578253,-73.9871766,18912,13437,5475,3312,5198,7910,2349,0,12399,757,3849,10183,2012,8
C,Grants Tomb,40.8134045,-73.9630671,1818,1254,564,250,427,642,479,0,569,57,368,1078,2012,8
E,Empire State Building,40.7484405,-73.9856644,44106,31706,12400,9921,12008,15731,6292,0,31509,453,10162,23934,2012,8
C,Grand Army Plaza,40.764591,-73.9736523,33580,25617,7962,10863,13291,7775,1512,0,24672,519,8528,19203,2012,8
D,Coney Island Beach,40.5749261,-73.9859414,816,543,272,127,270,263,143,0,37,738,105,468,2012,8
C,Washington Square Arch,40.7314658,-73.9970956,39283,28505,10778,7581,9890,15442,6241,0,22497,859,10735,22113,2012,8
C,Columbus Circle Fountain,40.767885,-73.982622,33923,25332,8590,7873,10664,12332,2810,0,23005,521,10006,19752,2012,8
D,Rockaway beach and Boardwalk,40.5863767,-73.8004768,166,120,46,29,34,52,48,0,6,151,22,93,2012,8
B,Mandarin Oriental,40.768971,-73.983044,15917,12265,3651,3415,4299,5642,2450,0,10012,553,5267,9486,2012,8
A,Riverside Park,40.8012339,-73.9723096,257274,192967,64307,39491,64250,105784,46451,0,110495,6470,70437,155494,2012,8
B,The Greenwich Hotel,40.719846,-74.009893,25658,19828,5830,7539,4884,10568,2499,0,11629,379,9218,15617,2012,8
A,Central Park,40.7711329,-73.9741874,929846,707168,222677,218689,285771,312743,106977,0,547145,19364,249467,539194,2012,8
B,Trump SoHo Hotel,40.725469,-74.005333,9422,6962,2460,2099,2317,3150,1820,0,4619,495,2680,5423,2012,8
B,The Mark Hotel,40.775274,-73.963405,12667,10160,2507,2872,4127,4336,1300,0,8364,127,3319,7701,2012,8
A,Bryant Park,40.7535965,-73.9832326,58504,48042,10462,23796,16199,13645,4379,0,38825,1167,19693,33718,2012,8
B,The Pierre Hotel,40.765247,-73.971998,6346,4807,1538,2090,2577,1405,258,0,4346,133,1549,3515,2012,8
D,Fort Tilden Beach,40.564254,-73.883913,30,15,15,3,11,4,12,0,0,30,5,19,2012,8
B,Gramercy Park Hotel,40.738524,-73.985742,11061,8004,3057,1536,2308,4799,2370,0,7656,252,3894,6652,2012,8
B,Four Seasons Hotel,40.762347,-73.971312,30163,25251,4912,12387,8297,6742,2640,0,20669,372,9528,17677,2012,8
B,The Surrey Hotel,40.774287,-73.96397,18258,14594,3663,3973,6600,6145,1492,0,11774,230,4586,11091,2012,8
C,Statue of Liberty,40.6892494,-74.0445004,26159,18265,7893,9427,7340,5629,3630,0,5581,710,4349,13995,2012,8
F,Regal Cinemas Battery Park,40.71499216,-74.01525132,26331,20364,5967,8332,6560,8394,2893,0,8341,1452,8477,16304,2012,8
A,State of liberty National Monument,40.6892494,-74.0445004,26159,18265,7893,9427,7340,5629,3630,0,5581,710,4349,13995,2012,8
E,Museum of National History,40.7813241,-73.9739882,16335,11742,4593,5734,7579,2466,512,0,9291,95,2555,8428,2012,8
A,Rockaway Beach and Boardwalk,40.5863767,-73.8004768,166,120,46,29,34,52,48,0,6,151,22,93,2012,8
F,Sunshine Cinema,40.723024,-73.989961,12580,7517,5063,763,1877,5409,4458,0,6956,234,4056,6926,2012,8
B,The Peninsula Hotel,40.761719,-73.975259,14335,11537,2798,5094,4532,3433,1148,0,9752,402,4562,8560,2012,8
E,Metropolitan Museum of Art,40.7791865,-73.9635348,13266,9200,4066,4756,6513,1741,234,0,6396,50,2144,7327,2012,8
F,Broadway Theater,40.763417,-73.983394,13513,10175,3338,3267,2928,5161,2087,0,8771,657,3463,7651,2012,8
A,Coney Island,40.5749261,-73.9859414,816,543,272,127,270,263,143,0,37,738,105,468,2012,8
F,AMC Lowes Lincoln Square,40.774866,-73.981646,13486,9605,3881,2289,3974,5991,1169,0,9076,181,4588,8460,2012,8
C,Statue of Liberty,40.6892494,-74.0445004,21865,13037,8827,7063,5909,5072,3692,765,5158,778,4679,12138,2012,9
E,Rockefeller Center,40.7587402,-73.9786736,25597,18151,7446,11458,8165,4909,796,623,17974,373,9243,15130,2012,9
A,Rockaway Beach and Boardwalk,40.5863767,-73.8004768,164,101,63,24,29,65,44,11,1,149,18,90,2012,9
B,The Peninsula Hotel,40.761719,-73.975259,14037,10427,3610,5558,3689,3283,1395,228,9562,300,5380,8531,2012,9
E,Times Square,40.759011,-73.9844722,25982,16793,9189,6097,6761,8700,4256,752,16198,2063,6763,14739,2012,9
D,Orchard Beach,40.8629619,-73.7926456,6,0,6,2,4,0,0,0,0,6,1,5,2012,9
C,Literary Walk,40.7723522,-73.9715901,2,2,0,1,1,0,0,0,2,0,1,2,2012,9
D,Long Beach,40.5884373,-73.657908,39,24,15,0,11,20,8,0,1,38,9,21,2012,9
A,Battery Park,40.7032775,-74.0170279,21865,13037,8827,7063,5909,5072,3692,765,5158,778,4679,12138,2012,9
C,Ricahrd Morris Hunt Memorial,40.7714825,-73.9677474,1618,1179,438,504,635,431,47,15,1170,21,447,883,2012,9
C,107th Infantry Memorial,40.769249,-73.9694586,2482,1839,642,778,883,735,82,51,1991,13,765,1440,2012,9
C,911 Memorial,40.7115405,-74.0132725,61558,40836,20722,20466,14858,15237,10442,1547,19919,2284,17647,35316,2012,9
E,Broadway and Shubert Alley,40.7578253,-73.9871766,15845,9925,5920,2900,4027,6410,2336,492,10204,645,4156,8677,2012,9
A,Bryant Park,40.7535965,-73.9832326,56281,41511,14770,22630,15681,13003,4426,927,37595,1244,22064,32631,2012,9
B,The Plaza,40.764464,-73.974489,11870,8270,3599,3864,4118,3059,753,254,8089,322,3945,7054,2012,9
C,Grants Tomb,40.8134045,-73.9630671,1791,1035,755,251,348,678,499,48,602,62,473,1057,2012,9
E,Empire State Building,40.7484405,-73.9856644,36122,21854,14268,8656,9128,12375,5817,1090,25258,412,9813,20083,2012,9
C,Grand Army Plaza,40.764591,-73.9736523,31173,21722,9451,10615,11221,7495,1658,802,22929,520,10106,18137,2012,9
D,Coney Island Beach,40.5749261,-73.9859414,696,376,319,106,200,220,156,35,21,643,68,394,2012,9
A,Coney Island,40.5749261,-73.9859414,696,376,319,106,200,220,156,35,21,643,68,394,2012,9
C,Washington Square Arch,40.7314658,-73.9970956,42733,26994,15739,8064,10215,17241,7105,999,25304,735,14784,24694,2012,9
D,Rockaway beach and Boardwalk,40.5863767,-73.8004768,164,101,63,24,29,65,44,11,1,149,18,90,2012,9
A,Riverside Park,40.8012339,-73.9723096,309595,207682,101912,51510,79613,128095,48995,7551,149171,6390,96354,184762,2012,9
C,Columbus Circle Fountain,40.767885,-73.982622,34420,22554,11866,8436,10022,12707,3026,857,22491,551,12264,20264,2012,9
B,Mandarin Oriental,40.768971,-73.983044,17182,11347,5835,3745,4099,6392,2831,424,10254,658,6560,10173,2012,9
B,The Greenwich Hotel,40.719846,-74.009893,25737,17174,8563,6839,5126,10863,2701,570,12097,377,10183,15305,2012,9
A,State of liberty National Monument,40.6892494,-74.0445004,21865,13037,8827,7063,5909,5072,3692,765,5158,778,4679,12138,2012,9
B,Trump SoHo Hotel,40.725469,-74.005333,8896,5784,3112,1991,2155,2901,1795,231,4592,404,3013,5145,2012,9
B,The Mark Hotel,40.775274,-73.963405,13895,9847,4048,3267,4318,5021,1233,281,9264,127,4456,8626,2012,9
D,Fort Tilden Beach,40.564254,-73.883913,30,7,23,3,17,2,8,0,1,26,7,15,2012,9
F,Regal Cinemas Battery Park,40.71499216,-74.01525132,23726,17385,6341,7487,5449,7713,2933,545,7226,1456,8926,14921,2012,9
B,The Pierre Hotel,40.765247,-73.971998,6329,4403,1925,2100,2293,1642,249,148,4485,106,2148,3772,2012,9
A,Prospect Park,40.6602037,-73.9689558,32338,18509,13829,2710,3380,10269,15442,1061,3389,5777,8960,19016,2012,9
E,Museum of National History,40.7813241,-73.9739882,12060,7304,4756,3913,4913,2714,504,407,7188,87,2727,6474,2012,9
F,Sunshine Cinema,40.723024,-73.989961,13121,6491,6630,865,1924,5422,4832,405,7601,199,5013,7422,2012,9
B,Gramercy Park Hotel,40.738524,-73.985742,12965,8398,4567,1608,2532,5710,3074,312,8878,305,5189,7948,2012,9
E,Metropolitan Museum of Art,40.7791865,-73.9635348,11488,7336,4152,4180,4744,2357,187,282,6328,49,2489,6503,2012,9
F,Broadway Theater,40.763417,-73.983394,11707,8005,3702,2941,2304,4027,2364,379,7392,579,3566,6746,2012,9
B,Four Seasons Hotel,40.762347,-73.971312,28671,21168,7503,11526,7691,6386,2943,387,19565,419,10515,16850,2012,9
A,Central Park,40.7711329,-73.9741874,1011092,689421,321671,244652,305134,347974,108138,22690,616929,20103,326729,589126,2012,9
F,AMC Lowes Lincoln Square,40.774866,-73.981646,13799,8698,5101,2675,4236,5601,1223,362,9168,200,5204,8300,2012,9
B,The Surrey Hotel,40.774287,-73.96397,19866,14237,5629,4844,6254,7200,1519,281,13229,210,6069,11973,2012,9
