C,Statue of Liberty,40.6892494,-74.0445004,17287,12708,4578,5081,4591,4449,3014,1153,4701,558,4336,9771,2013,1
E,Rockefeller Center,40.7587402,-73.9786736,28637,22435,6202,11805,11066,4770,726,1601,20498,350,10145,17029,2013,1
A,Rockaway Beach and Boardwalk,40.5863767,-73.8004768,131,90,41,17,19,60,33,8,4,118,21,69,2013,1
E,Times Square,40.759011,-73.9844722,28585,20112,8473,5452,8526,10462,4001,1415,18586,2003,8695,16246,2013,1
B,The Peninsula Hotel,40.761719,-73.975259,15283,12291,2992,6254,4598,3316,1002,748,10746,270,5557,9145,2013,1
D,Orchard Beach,40.8629619,-73.7926456,2,1,1,2,0,0,0,0,1,1,0,2,2013,1
C,Literary Walk,40.7723522,-73.9715901,3,1,2,2,0,1,0,0,1,0,0,1,2013,1
D,Long Beach,40.5884373,-73.657908,17,15,2,5,2,3,4,6,0,16,15,14,2013,1
A,Battery Park,40.7032775,-74.0170279,17287,12708,4578,5082,4590,4449,3014,1153,4701,558,4336,9771,2013,1
C,Ricahrd Morris Hunt Memorial,40.7714825,-73.9677474,1620,1217,403,544,728,311,34,55,1147,18,404,900,2013,1
C,107th Infantry Memorial,40.769249,-73.9694586,1949,1381,568,615,766,486,80,92,1581,12,579,1146,2013,1
D,Jones Beach,40.6298139,-73.5030099,1,0,1,0,0,1,0,0,1,0,0,1,2013,1
C,911 Memorial,40.7115405,-74.0132725,46683,36566,10117,19741,10875,11081,4571,2396,14336,1835,14982,26413,2013,1
E,Broadway and Shubert Alley,40.7578253,-73.9871766,17415,12376,5039,3349,4859,7268,1803,1044,12070,505,4847,9508,2013,1
A,Bryant Park,40.7535965,-73.9832326,55794,45748,10046,24461,14995,12366,3383,2293,38137,989,22720,32362,2013,1
B,The Plaza,40.764464,-73.974489,11898,8973,2924,4178,4265,2764,627,653,8506,216,4050,7076,2013,1
C,Grants Tomb,40.8134045,-73.9630671,1654,1147,507,252,407,608,370,96,569,56,446,980,2013,1
E,Empire State Building,40.7484405,-73.9856644,36517,26921,9596,8984,11059,11609,4684,2538,26066,453,11456,20648,2013,1
C,Grand Army Plaza,40.764591,-73.9736523,33590,25508,8082,11831,13176,7078,1343,1873,25420,444,11167,19734,2013,1
D,Coney Island Beach,40.5749261,-73.9859414,470,326,144,54,95,170,138,35,5,453,48,280,2013,1
A,Coney Island,40.5749261,-73.9859414,470,326,144,54,95,170,138,35,5,453,48,280,2013,1
C,Washington Square Arch,40.7314658,-73.9970956,36645,25550,11095,6981,8791,15442,5348,1584,21469,825,13379,20611,2013,1
D,Rockaway beach and Boardwalk,40.5863767,-73.8004768,131,90,41,17,19,60,33,8,4,118,21,69,2013,1
A,Riverside Park,40.8012339,-73.9723096,324247,241328,82919,53425,86906,135535,46986,18657,163279,6825,107182,194037,2013,1
C,Columbus Circle Fountain,40.767885,-73.982622,34214,25287,8927,8163,10781,12540,2527,1862,23959,457,12761,20087,2013,1
B,Mandarin Oriental,40.768971,-73.983044,17826,13423,4402,3531,4863,7125,2204,823,11409,624,6908,10435,2013,1
B,The Greenwich Hotel,40.719846,-74.009893,28262,21152,7110,7847,5927,11631,2713,1297,13501,402,11738,16655,2013,1
A,State of liberty National Monument,40.6892494,-74.0445004,17287,12708,4578,5082,4590,4449,3014,1153,4701,558,4336,9771,2013,1
B,Trump SoHo Hotel,40.725469,-74.005333,8443,6303,2140,1608,1859,3420,1500,495,4544,305,3404,5102,2013,1
B,The Mark Hotel,40.775274,-73.963405,16244,12718,3526,3912,5471,5836,980,716,11593,114,5503,10131,2013,1
D,Fort Tilden Beach,40.564254,-73.883913,1,1,0,0,0,1,0,0,0,1,0,1,2013,1
F,Regal Cinemas Battery Park,40.71499216,-74.01525132,23907,18885,5022,6900,5860,8474,2559,1193,8245,1532,10016,15268,2013,1
B,The Pierre Hotel,40.765247,-73.971998,6756,4954,1801,2058,2748,1681,243,396,4973,129,2207,3835,2013,1
A,Prospect Park,40.6602037,-73.9689558,30181,20301,9880,2021,2878,10711,14128,2100,3100,5696,8763,17634,2013,1
E,Museum of National History,40.7813241,-73.9739882,13644,9313,4331,4333,6009,2786,504,1126,8390,82,3172,7260,2013,1
F,Sunshine Cinema,40.723024,-73.989961,12432,6819,5613,700,1851,5389,4407,681,7595,139,5099,6846,2013,1
B,Gramercy Park Hotel,40.738524,-73.985742,11082,7905,3177,1412,2453,4707,2459,663,7682,211,5016,7035,2013,1
E,Metropolitan Museum of Art,40.7791865,-73.9635348,12657,8577,4080,4389,5894,2149,216,533,7375,51,3111,7267,2013,1
F,Broadway Theater,40.763417,-73.983394,12055,8800,3255,3197,2461,4373,1942,439,8234,475,3817,6954,2013,1
B,Four Seasons Hotel,40.762347,-73.971312,32948,27498,5450,14500,9209,6764,2372,1237,23585,376,12516,19524,2013,1
A,Central Park,40.7711329,-73.9741874,1054638,791596,263041,263350,325867,361749,98903,55161,670048,18213,354981,614683,2013,1
F,AMC Lowes Lincoln Square,40.774866,-73.981646,16900,11639,5261,3153,5199,7449,1030,1137,11930,170,6585,10434,2013,1
B,The Surrey Hotel,40.774287,-73.96397,20820,16304,4516,4849,7431,7183,1284,939,14686,218,6553,12587,2013,1
C,Statue of Liberty,40.6892494,-74.0445004,20943,14152,6791,7226,5182,5006,3420,619,4917,689,5231,11703,2013,10
E,Rockefeller Center,40.7587402,-73.9786736,26924,20374,6550,12552,8382,4861,812,617,18958,416,11159,16053,2013,10
A,Rockaway Beach and Boardwalk,40.5863767,-73.8004768,126,83,43,16,18,41,46,0,3,118,26,78,2013,10
B,The Peninsula Hotel,40.761719,-73.975259,15816,12812,3004,6368,4138,4262,883,314,11260,335,6827,9557,2013,10
E,Times Square,40.759011,-73.9844722,26356,19388,6968,6176,6874,10034,3072,778,16675,2512,8759,14911,2013,10
C,Literary Walk,40.7723522,-73.9715901,4,1,3,0,4,0,0,0,3,1,0,1,2013,10
D,Long Beach,40.5884373,-73.657908,25,16,9,10,7,7,1,3,1,24,25,21,2013,10
A,Battery Park,40.7032775,-74.0170279,20943,14152,6791,7226,5182,5006,3420,618,4917,688,5231,11703,2013,10
C,Ricahrd Morris Hunt Memorial,40.7714825,-73.9677474,1990,1468,521,748,848,355,37,9,1426,16,562,1137,2013,10
C,107th Infantry Memorial,40.769249,-73.9694586,2245,1607,638,667,787,713,74,25,1804,18,868,1362,2013,10
C,911 Memorial,40.7115405,-74.0132725,58700,43137,15563,21212,15182,13243,8560,1617,18514,2311,19500,33617,2013,10
E,Broadway and Shubert Alley,40.7578253,-73.9871766,17461,12292,5169,2966,4642,7394,2331,585,11181,1011,5410,9638,2013,10
A,Bryant Park,40.7535965,-73.9832326,53399,44563,8836,24141,14186,11025,3462,1682,35588,1338,25941,31370,2013,10
B,The Plaza,40.764464,-73.974489,13457,10015,3441,4293,4493,3764,809,319,9320,364,4813,7731,2013,10
C,Grants Tomb,40.8134045,-73.9630671,1860,1238,622,308,474,656,413,36,609,78,552,1104,2013,10
E,Empire State Building,40.7484405,-73.9856644,40783,28693,12090,10629,11283,13360,5363,1383,28753,475,13669,22889,2013,10
C,Grand Army Plaza,40.764591,-73.9736523,35632,26710,8921,12154,12359,8649,1896,682,26608,563,13043,20607,2013,10
D,Coney Island Beach,40.5749261,-73.9859414,479,321,158,75,129,135,130,13,10,447,53,272,2013,10
A,Coney Island,40.5749261,-73.9859414,479,321,158,75,129,135,130,13,10,447,53,272,2013,10
C,Washington Square Arch,40.7314658,-73.9970956,43170,29828,13342,9873,11428,16208,5555,1074,24611,989,17404,24943,2013,10
D,Rockaway beach and Boardwalk,40.5863767,-73.8004768,126,83,43,16,18,41,46,0,3,118,26,78,2013,10
A,Riverside Park,40.8012339,-73.9723096,352389,260549,91840,60567,89844,148470,52088,9220,170908,7028,125980,208503,2013,10
C,Columbus Circle Fountain,40.767885,-73.982622,36553,27034,9518,9300,11161,13330,2522,1072,24576,538,15338,21655,2013,10
B,Mandarin Oriental,40.768971,-73.983044,17496,13314,4181,4061,4240,6956,2119,501,11088,525,7512,10436,2013,10
B,The Greenwich Hotel,40.719846,-74.009893,31802,23660,8142,9034,6458,13541,2602,797,14324,436,13503,18657,2013,10
A,State of liberty National Monument,40.6892494,-74.0445004,20943,14152,6791,7226,5182,5006,3420,618,4917,688,5231,11703,2013,10
B,Trump SoHo Hotel,40.725469,-74.005333,9706,6903,2803,1830,2440,3594,1767,333,5117,541,3594,5571,2013,10
B,The Mark Hotel,40.775274,-73.963405,17344,13414,3930,4167,5264,6585,1241,413,12277,208,6156,10378,2013,10
D,Fort Tilden Beach,40.564254,-73.883913,30,7,23,3,1,12,14,0,0,30,1,15,2013,10
F,Regal Cinemas Battery Park,40.71499216,-74.01525132,28899,21973,6926,8164,6806,10692,3082,883,9420,2044,11905,17634,2013,10
B,The Pierre Hotel,40.765247,-73.971998,6955,5273,1681,2105,2251,2274,289,139,5049,151,2861,4155,2013,10
A,Prospect Park,40.6602037,-73.9689558,34900,22910,11990,2667,3573,12815,15340,867,3867,6335,11377,20551,2013,10
E,Museum of National History,40.7813241,-73.9739882,15176,10457,4719,4995,6118,3619,432,425,9341,114,4030,8179,2013,10
F,Sunshine Cinema,40.723024,-73.989961,10690,6037,4653,838,1939,4727,3144,178,6092,236,4517,6061,2013,10
B,Gramercy Park Hotel,40.738524,-73.985742,15382,10817,4565,2220,2746,7172,3194,272,10521,343,6568,9039,2013,10
E,Metropolitan Museum of Art,40.7791865,-73.9635348,14363,10106,4256,5551,5816,2746,240,376,7805,58,3719,8062,2013,10
F,Broadway Theater,40.763417,-73.983394,12765,9213,3552,2445,3114,5319,1808,307,8075,746,4431,7241,2013,10
B,Four Seasons Hotel,40.762347,-73.971312,33003,26430,6573,12759,9534,7538,3070,864,22855,575,13976,19620,2013,10
A,Central Park,40.7711329,-73.9741874,1091842,814087,277755,269849,332887,380157,103559,26852,688584,21271,408522,641357,2013,10
F,AMC Lowes Lincoln Square,40.774866,-73.981646,17119,11563,5556,3171,5196,7487,1176,492,11874,176,7371,10296,2013,10
B,The Surrey Hotel,40.774287,-73.96397,25112,19435,5677,6003,7705,9450,1881,510,17615,281,8022,14543,2013,10
C,Literary Walk,40.7723522,-73.9715901,1,1,0,0,1,0,0,0,1,0,1,1,2013,11
C,Ricahrd Morris Hunt Memorial,40.7714825,-73.9677474,2854,1884,970,1012,1465,339,34,52,2068,17,809,1620,2013,11
D,Long Beach,40.5884373,-73.657908,37,24,13,6,3,17,9,5,5,32,43,25,2013,11
A,Bryant Park,40.7535965,-73.9832326,50751,38364,12387,21282,13755,11026,4180,2472,34118,1045,23495,29659,2013,11
A,Rockaway Beach and Boardwalk,40.5863767,-73.8004768,134,80,54,23,28,48,26,5,2,122,19,73,2013,11
C,107th Infantry Memorial,40.769249,-73.9694586,2313,1667,646,688,896,649,76,193,1862,19,861,1328,2013,11
C,911 Memorial,40.7115405,-74.0132725,52231,36975,15256,20265,13175,11022,7441,2507,16119,2016,16495,29542,2013,11
A,Central Park,40.7711329,-73.9741874,1046567,737750,308817,263427,322893,349311,105358,56029,669394,18553,393746,611234,2013,11
A,State of liberty National Monument,40.6892494,-74.0445004,21186,12727,8458,7700,5261,4498,3416,1284,5034,600,5141,11813,2013,11
B,The Plaza,40.764464,-73.974489,13723,9403,4319,3975,5110,3759,812,607,9708,342,4958,7803,2013,11
C,Grants Tomb,40.8134045,-73.9630671,1657,1035,621,252,392,639,365,124,508,66,505,1025,2013,11
E,Broadway and Shubert Alley,40.7578253,-73.9871766,17812,11491,6321,3194,5423,6846,2204,1289,11847,826,5400,9675,2013,11
E,Empire State Building,40.7484405,-73.9856644,37437,24306,13131,9705,10857,11910,4750,2385,26694,383,12939,20992,2013,11
C,Grand Army Plaza,40.764591,-73.9736523,37688,25424,12263,12811,13732,8979,1820,2347,28553,471,13680,21480,2013,11
D,Coney Island Beach,40.5749261,-73.9859414,455,276,179,56,108,158,122,32,5,437,54,255,2013,11
C,Washington Square Arch,40.7314658,-73.9970956,36375,23870,12505,7686,9467,13529,5578,1574,21536,981,15143,21119,2013,11
C,Columbus Circle Fountain,40.767885,-73.982622,34202,23598,10603,8500,10941,11928,2590,1838,23324,491,14015,20035,2013,11
D,Rockaway beach and Boardwalk,40.5863767,-73.8004768,134,80,54,23,28,48,26,5,2,122,19,73,2013,11
B,Mandarin Oriental,40.768971,-73.983044,16179,11389,4789,3781,4108,6299,1880,870,10449,501,6737,9514,2013,11
B,The Greenwich Hotel,40.719846,-74.009893,29604,20458,9146,7673,6298,12885,2539,1248,13610,419,13027,17442,2013,11
B,Trump SoHo Hotel,40.725469,-74.005333,9202,6156,3046,1854,1890,3484,1870,500,4904,521,3485,5353,2013,11
B,The Mark Hotel,40.775274,-73.963405,16926,12095,4831,4150,5354,6233,1105,900,12433,145,6127,10082,2013,11
A,Coney Island,40.5749261,-73.9859414,455,276,179,56,108,158,122,32,5,437,54,255,2013,11
A,Battery Park,40.7032775,-74.0170279,21186,12727,8458,7700,5261,4498,3416,1284,5034,600,5141,11813,2013,11
B,The Pierre Hotel,40.765247,-73.971998,6986,4773,2213,1854,2695,2167,237,534,4955,132,2851,4101,2013,11
D,Fort Tilden Beach,40.564254,-73.883913,3,3,0,0,0,1,2,0,0,3,0,2,2013,11
B,Gramercy Park Hotel,40.738524,-73.985742,14287,9208,5079,2041,2602,6562,3047,787,9662,344,6109,8421,2013,11
E,Museum of National History,40.7813241,-73.9739882,15745,10170,5575,5471,6869,2986,400,483,9589,85,4301,8482,2013,11
B,Four Seasons Hotel,40.762347,-73.971312,30131,22893,7238,11682,8405,7247,2673,1437,21137,517,13153,17972,2013,11
A,Prospect Park,40.6602037,-73.9689558,33260,19576,13684,2468,3551,11398,15338,1862,4061,5722,10661,19435,2013,11
A,Riverside Park,40.8012339,-73.9723096,333580,233949,99630,55343,86212,138166,52322,20418,164749,6450,118706,197157,2013,11
F,Regal Cinemas Battery Park,40.71499216,-74.01525132,27877,20111,7766,7031,7266,10476,2995,1447,9742,1776,11434,16694,2013,11
B,The Surrey Hotel,40.774287,-73.96397,24921,18321,6600,5830,7883,9350,1816,1345,17632,208,8751,14499,2013,11
F,Sunshine Cinema,40.723024,-73.989961,12015,6036,5979,762,2183,5449,3579,401,6981,239,5561,6780,2013,11
E,Metropolitan Museum of Art,40.7791865,-73.9635348,14537,9505,5032,5027,6110,3123,266,588,8066,68,3966,8138,2013,11
C,Statue of Liberty,40.6892494,-74.0445004,21186,12727,8458,7700,5261,4498,3416,1284,5034,600,5141,11813,2013,11
F,Broadway Theater,40.763417,-73.983394,12386,8198,4188,2493,3103,4492,2169,591,7829,652,4056,6871,2013,11
B,The Peninsula Hotel,40.761719,-73.975259,14334,10875,3459,5517,3924,3842,891,768,10148,282,6315,8607,2013,11
F,AMC Lowes Lincoln Square,40.774866,-73.981646,16623,10434,6189,3286,5703,6502,1054,1100,11750,138,7403,9981,2013,11
E,Rockefeller Center,40.7587402,-73.9786736,28335,19320,9015,11825,9630,5708,921,1433,20196,387,11073,16373,2013,11
E,Times Square,40.759011,-73.9844722,26849,18431,8418,6057,7025,10006,3523,1664,17441,2357,8793,15123,2013,11
C,Literary Walk,40.7723522,-73.9715901,1,1,0,0,0,1,0,0,0,0,1,1,2013,12
C,Ricahrd Morris Hunt Memorial,40.7714825,-73.9677474,3207,2127,1080,1150,1691,327,34,5,2256,16,844,1774,2013,12
D,Long Beach,40.5884373,-73.657908,22,19,3,3,7,3,9,0,0,21,7,15,2013,12
A,Bryant Park,40.7535965,-73.9832326,51442,39396,12046,20145,15672,12170,3117,992,34931,960,22450,29879,2013,12
A,Rockaway Beach and Boardwalk,40.5863767,-73.8004768,121,85,36,12,11,37,58,2,0,120,25,77,2013,12
C,107th Infantry Memorial,40.769249,-73.9694586,2077,1625,451,530,756,690,96,36,1677,15,812,1225,2013,12
C,911 Memorial,40.7115405,-74.0132725,54257,38375,15882,20783,12542,12163,8313,979,17618,1808,16101,30524,2013,12
A,Central Park,40.7711329,-73.9741874,1038156,748021,290134,254803,335380,338688,105010,19800,673316,18589,379367,598603,2013,12
A,State of liberty National Monument,40.6892494,-74.0445004,22034,14648,7386,8194,5762,4700,3268,445,5229,647,4723,11937,2013,12
B,The Plaza,40.764464,-73.974489,14939,10267,4672,4633,5747,3723,785,427,10953,358,5135,8401,2013,12
C,Grants Tomb,40.8134045,-73.9630671,1770,1182,587,260,472,642,384,27,605,69,557,1030,2013,12
E,Broadway and Shubert Alley,40.7578253,-73.9871766,17280,11730,5550,3137,5463,6257,2349,671,11793,871,4930,9235,2013,12
E,Empire State Building,40.7484405,-73.9856644,39909,27132,12777,11406,12069,11809,4467,1395,28703,415,11885,21818,2013,12
C,Grand Army Plaza,40.764591,-73.9736523,39891,27196,12695,13249,15918,8904,1660,1033,30585,501,13991,22382,2013,12
D,Coney Island Beach,40.5749261,-73.9859414,518,321,197,50,118,202,141,14,7,493,54,283,2013,12
C,Washington Square Arch,40.7314658,-73.9970956,29611,20002,9609,5925,8389,10788,4416,395,17464,842,12077,17098,2013,12
D,Rockaway beach and Boardwalk,40.5863767,-73.8004768,121,85,36,12,11,37,58,2,0,120,25,77,2013,12
C,Columbus Circle Fountain,40.767885,-73.982622,34604,23869,10735,8925,12463,10825,2231,567,24331,430,13890,20190,2013,12
B,Mandarin Oriental,40.768971,-73.983044,14664,10572,4092,3148,4300,5252,1869,336,9598,456,6077,8478,2013,12
B,The Greenwich Hotel,40.719846,-74.009893,26918,19376,7542,7228,5997,11140,2431,237,12644,357,11241,15545,2013,12
B,Trump SoHo Hotel,40.725469,-74.005333,9033,6228,2805,1502,2037,3408,2023,218,4420,513,2948,5107,2013,12
B,The Mark Hotel,40.775274,-73.963405,15864,11750,4114,3789,5305,5566,1139,362,11683,127,5483,9195,2013,12
A,Coney Island,40.5749261,-73.9859414,518,321,197,50,118,202,141,14,7,493,54,283,2013,12
A,Battery Park,40.7032775,-74.0170279,22034,14648,7386,8193,5762,4700,3268,445,5229,647,4723,11937,2013,12
B,The Pierre Hotel,40.765247,-73.971998,6752,4681,2071,1759,2847,1865,265,175,4957,110,2547,3872,2013,12
D,Fort Tilden Beach,40.564254,-73.883913,12,9,3,1,1,2,8,0,0,11,1,10,2013,12
B,Gramercy Park Hotel,40.738524,-73.985742,13940,9444,4496,1574,3017,6156,3144,311,9562,281,5624,7972,2013,12
E,Museum of National History,40.7813241,-73.9739882,19000,11653,7347,7412,8958,2159,465,142,11079,85,4078,9820,2013,12
F,Regal Cinemas Battery Park,40.71499216,-74.01525132,28441,21109,7332,6733,7962,10173,3445,869,10054,1643,10788,16602,2013,12
B,Four Seasons Hotel,40.762347,-73.971312,28786,22396,6390,11451,8014,6942,2282,327,20363,524,11947,16666,2013,12
A,Prospect Park,40.6602037,-73.9689558,33708,21826,11882,2595,3397,11121,16064,645,4101,6329,10471,19477,2013,12
A,Riverside Park,40.8012339,-73.9723096,325715,234659,91055,50157,84456,135907,53822,7365,163543,6884,115815,190164,2013,12
B,The Surrey Hotel,40.774287,-73.96397,23442,17220,6222,5256,7771,8600,1787,347,16801,238,7913,13505,2013,12
F,Sunshine Cinema,40.723024,-73.989961,9130,5185,3945,614,1890,4009,2590,182,5508,228,3927,5158,2013,12
E,Metropolitan Museum of Art,40.7791865,-73.9635348,16656,10874,5782,5972,7982,2410,269,105,8987,51,4189,9154,2013,12
C,Statue of Liberty,40.6892494,-74.0445004,22034,14648,7386,8193,5762,4700,3268,445,5229,647,4723,11937,2013,12
F,Broadway Theater,40.763417,-73.983394,11641,8106,3535,2574,2977,3754,2298,221,7692,731,3932,6505,2013,12
B,The Peninsula Hotel,40.761719,-73.975259,13859,10326,3533,5154,4358,3204,1042,264,10055,311,6086,8183,2013,12
F,AMC Lowes Lincoln Square,40.774866,-73.981646,18728,12244,6484,3133,7038,7361,1128,784,13230,169,7751,10965,2013,12
E,Rockefeller Center,40.7587402,-73.9786736,29199,20593,8606,12487,9320,5500,1554,772,21803,332,10243,16300,2013,12
E,Times Square,40.759011,-73.9844722,24611,17218,7393,5303,7533,7701,3854,680,16097,2145,7898,13389,2013,12
C,Literary Walk,40.7723522,-73.9715901,0,0,0,0,0,0,0,0,0,0,0,0,2013,2
C,Ricahrd Morris Hunt Memorial,40.7714825,-73.9677474,1698,1249,448,600,719,335,41,22,1238,10,448,920,2013,2
D,Long Beach,40.5884373,-73.657908,23,20,3,12,7,2,2,1,2,21,6,16,2013,2
A,Bryant Park,40.7535965,-73.9832326,51674,41907,9767,22436,14424,10558,3666,1231,35408,972,22359,29914,2013,2
A,Rockaway Beach and Boardwalk,40.5863767,-73.8004768,126,91,34,14,29,31,49,11,3,114,13,71,2013,2
D,Cherry Grove Beach,40.6599748,-73.0899273,2,0,2,2,0,0,0,0,0,0,0,1,2013,2
C,107th Infantry Memorial,40.769249,-73.9694586,1818,1282,536,580,634,521,79,53,1410,13,581,1073,2013,2
C,911 Memorial,40.7115405,-74.0132725,42249,33124,9125,17392,9882,9604,5035,1100,13716,1702,14625,24086,2013,2
B,The Plaza,40.764464,-73.974489,11753,8504,3249,3906,4225,3004,572,326,8424,228,4220,6870,2013,2
C,Grants Tomb,40.8134045,-73.9630671,1541,999,542,215,376,560,372,45,598,32,496,952,2013,2
A,Central Park,40.7711329,-73.9741874,990132,715807,274324,247606,303432,342105,92620,30387,625612,16500,345298,575785,2013,2
E,Broadway and Shubert Alley,40.7578253,-73.9871766,16643,11195,5448,3271,4582,6882,1769,642,11604,434,4999,9158,2013,2
A,State of liberty National Monument,40.6892494,-74.0445004,15785,11341,4444,4655,3997,4240,2763,540,4326,576,4247,9011,2013,2
C,Grand Army Plaza,40.764591,-73.9736523,31384,22821,8562,11107,12390,6545,1205,1077,23568,454,11270,18157,2013,2
E,Empire State Building,40.7484405,-73.9856644,34250,23396,10854,8403,10077,10694,4932,1262,24276,312,11251,19249,2013,2
D,Coney Island Beach,40.5749261,-73.9859414,382,248,134,38,68,131,134,6,8,360,47,222,2013,2
C,Washington Square Arch,40.7314658,-73.9970956,39958,27315,12643,7792,9363,16453,6243,1113,24559,670,16279,22959,2013,2
D,Rockaway beach and Boardwalk,40.5863767,-73.8004768,126,91,34,14,29,31,49,11,3,114,13,71,2013,2
C,Columbus Circle Fountain,40.767885,-73.982622,33546,23948,9597,7929,10391,12626,2381,1005,23079,447,13103,19728,2013,2
B,Mandarin Oriental,40.768971,-73.983044,17605,12694,4910,3648,4609,7015,2258,516,11072,586,7241,10432,2013,2
B,The Greenwich Hotel,40.719846,-74.009893,26928,19177,7751,7189,5502,11454,2617,673,12737,378,11394,15812,2013,2
B,Trump SoHo Hotel,40.725469,-74.005333,7817,5314,2503,1399,1806,3194,1386,208,4209,279,3146,4747,2013,2
B,The Mark Hotel,40.775274,-73.963405,13877,10260,3616,3323,4844,4819,860,378,9880,83,4926,8751,2013,2
A,Coney Island,40.5749261,-73.9859414,382,248,134,38,68,131,134,6,8,360,47,222,2013,2
A,Battery Park,40.7032775,-74.0170279,15785,11341,4444,4655,3997,4240,2763,540,4326,576,4247,9011,2013,2
B,The Pierre Hotel,40.765247,-73.971998,5826,4326,1500,1772,2219,1620,190,163,4278,122,2154,3399,2013,2
D,Fort Tilden Beach,40.564254,-73.883913,1,1,0,0,1,0,0,0,0,1,0,1,2013,2
B,Gramercy Park Hotel,40.738524,-73.985742,10809,7082,3727,1463,2288,4848,2172,287,7520,184,4948,6792,2013,2
E,Museum of National History,40.7813241,-73.9739882,12950,8185,4765,4151,5718,2652,422,861,8091,75,3425,7018,2013,2
A,Prospect Park,40.6602037,-73.9689558,28707,18531,10176,1874,2636,10288,13479,824,3322,4975,8550,16860,2013,2
B,Four Seasons Hotel,40.762347,-73.971312,30880,24989,5891,13857,8708,6205,2006,674,21967,385,12598,18206,2013,2
A,Riverside Park,40.8012339,-73.9723096,315957,225815,90142,54339,85588,129580,45184,9028,159872,4930,106265,188386,2013,2
F,Regal Cinemas Battery Park,40.71499216,-74.01525132,22306,16707,5599,6707,5104,8089,2299,557,7298,1515,9333,14181,2013,2
B,The Surrey Hotel,40.774287,-73.96397,19698,14833,4865,4770,7127,6533,1248,543,13427,165,6653,12044,2013,2
F,Sunshine Cinema,40.723024,-73.989961,9939,5380,4559,691,1421,4452,3319,264,6013,136,4232,5420,2013,2
E,Metropolitan Museum of Art,40.7791865,-73.9635348,12914,8141,4772,4604,5712,2395,192,459,7575,49,3279,7485,2013,2
C,Statue of Liberty,40.6892494,-74.0445004,15785,11341,4444,4655,3997,4240,2763,540,4326,576,4247,9011,2013,2
F,Broadway Theater,40.763417,-73.983394,11917,8191,3726,3006,2453,4656,1704,334,8100,468,3959,6822,2013,2
B,The Peninsula Hotel,40.761719,-73.975259,13974,10780,3194,5265,4195,3432,941,382,9585,305,5649,8421,2013,2
F,AMC Lowes Lincoln Square,40.774866,-73.981646,14255,9504,4751,2726,4418,6096,947,468,9961,184,5775,8695,2013,2
E,Rockefeller Center,40.7587402,-73.9786736,25697,19474,6223,11540,9781,3525,611,1001,18552,274,9889,15238,2013,2
E,Times Square,40.759011,-73.9844722,25827,17701,8126,5200,7722,9054,3704,848,16743,1863,8149,14741,2013,2
E,Rockefeller Center,40.7587402,-73.9786736,29738,21986,7752,13193,10372,5066,804,0,21415,295,10999,17528,2013,3
E,Times Square,40.759011,-73.9844722,32200,21696,10504,6552,8737,12226,4522,0,20591,2400,9150,17772,2013,3
C,Literary Walk,40.7723522,-73.9715901,1,1,0,1,0,0,0,0,0,0,2,1,2013,3
B,The Plaza,40.764464,-73.974489,13338,9431,3906,4063,4900,3528,797,0,9342,360,4441,7764,2013,3
D,Long Beach,40.5884373,-73.657908,30,12,18,3,8,9,9,0,3,25,25,20,2013,3
C,Ricahrd Morris Hunt Memorial,40.7714825,-73.9677474,1978,1399,579,694,904,333,35,0,1414,27,484,1080,2013,3
C,107th Infantry Memorial,40.769249,-73.9694586,2029,1367,662,705,748,511,56,0,1565,16,624,1165,2013,3
A,Prospect Park,40.6602037,-73.9689558,33448,19366,14082,2142,3287,11160,16330,0,3556,6094,9783,19441,2013,3
C,911 Memorial,40.7115405,-74.0132725,53709,38004,15705,19481,12880,13126,7828,0,18049,1972,17164,30353,2013,3
A,Battery Park,40.7032775,-74.0170279,20110,12909,7200,5566,5215,5526,3618,0,5343,675,4914,11140,2013,3
E,Broadway and Shubert Alley,40.7578253,-73.9871766,20643,13780,6863,3441,5261,9642,2162,0,14125,647,6096,11192,2013,3
C,Grants Tomb,40.8134045,-73.9630671,1824,1157,666,302,376,640,490,0,630,63,547,1103,2013,3
E,Empire State Building,40.7484405,-73.9856644,42874,27743,15131,10401,11869,14508,5929,0,30299,488,13364,23794,2013,3
C,Grand Army Plaza,40.764591,-73.9736523,34633,24379,10254,11940,13281,7831,1465,0,25626,561,11743,20022,2013,3
D,Coney Island Beach,40.5749261,-73.9859414,496,287,208,57,104,170,153,0,9,477,72,298,2013,3
C,Washington Square Arch,40.7314658,-73.9970956,44355,28727,15628,8560,10851,17711,7060,0,26197,985,16723,25119,2013,3
C,Columbus Circle Fountain,40.767885,-73.982622,37768,25502,12266,8865,11627,14222,2845,0,25905,619,14103,21946,2013,3
D,Rockaway beach and Boardwalk,40.5863767,-73.8004768,165,98,67,20,24,59,57,0,1,152,21,88,2013,3
B,Mandarin Oriental,40.768971,-73.983044,19413,13165,6248,3984,4936,7605,2772,0,12036,784,7450,11392,2013,3
A,Riverside Park,40.8012339,-73.9723096,341404,230978,110425,56039,87626,141132,54924,0,164654,7495,113168,202945,2013,3
B,The Greenwich Hotel,40.719846,-74.009893,30140,20476,9664,7867,6322,13012,2825,0,14105,402,12453,17716,2013,3
A,Central Park,40.7711329,-73.9741874,1076307,741753,334554,262791,330060,365607,112681,0,663172,20566,360280,621431,2013,3
B,Trump SoHo Hotel,40.725469,-74.005333,9218,6135,3083,1704,2154,3336,1988,0,4822,405,3389,5417,2013,3
B,The Mark Hotel,40.775274,-73.963405,16238,11663,4574,3923,5451,5568,1256,0,11084,146,5289,10017,2013,3
A,Bryant Park,40.7535965,-73.9832326,56153,43794,12359,23602,15459,11934,4575,0,37921,1107,23623,32199,2013,3
B,The Pierre Hotel,40.765247,-73.971998,6800,4594,2205,2130,2472,1912,256,0,4882,150,2339,3967,2013,3
D,Fort Tilden Beach,40.564254,-73.883913,2,2,0,1,0,0,1,0,0,2,0,2,2013,3
B,Gramercy Park Hotel,40.738524,-73.985742,13483,8405,5078,1668,2840,5993,2942,0,9329,257,5619,8168,2013,3
B,Four Seasons Hotel,40.762347,-73.971312,33766,26020,7746,13768,10021,7098,2768,0,23714,452,13092,19797,2013,3
B,The Surrey Hotel,40.774287,-73.96397,23463,16903,6560,5376,8057,8191,1780,0,15810,244,7340,13793,2013,3
C,Statue of Liberty,40.6892494,-74.0445004,20110,12909,7200,5566,5215,5526,3618,0,5343,675,4914,11140,2013,3
F,Regal Cinemas Battery Park,40.71499216,-74.01525132,26723,19778,6945,7673,6283,9259,3400,0,8640,1778,10588,16511,2013,3
A,State of liberty National Monument,40.6892494,-74.0445004,20110,12909,7200,5566,5215,5526,3618,0,5343,674,4914,11140,2013,3
E,Museum of National History,40.7813241,-73.9739882,16731,10747,5983,5740,7354,3106,521,0,9885,101,3962,8874,2013,3
A,Rockaway Beach and Boardwalk,40.5863767,-73.8004768,165,98,67,20,24,59,57,0,1,152,21,88,2013,3
F,Sunshine Cinema,40.723024,-73.989961,12618,6147,6471,833,1701,5276,4748,0,7482,174,5076,6809,2013,3
B,The Peninsula Hotel,40.761719,-73.975259,15634,11948,3686,5664,4427,4278,1146,0,11007,300,5968,9269,2013,3
E,Metropolitan Museum of Art,40.7791865,-73.9635348,15475,10257,5218,6076,6716,2443,229,0,8160,76,3515,8629,2013,3
F,Broadway Theater,40.763417,-73.983394,13154,8759,4395,3345,2611,5000,2073,0,9080,447,4303,7430,2013,3
A,Coney Island,40.5749261,-73.9859414,496,287,208,57,104,170,153,0,9,477,72,298,2013,3
F,AMC Lowes Lincoln Square,40.774866,-73.981646,14854,9362,5492,2679,4639,6197,1250,0,10240,209,5783,8916,2013,3
C,Statue of Liberty,40.6892494,-74.0445004,19444,13230,6213,5795,5117,5145,3232,0,5176,671,4918,10822,2013,4
E,Rockefeller Center,40.7587402,-73.9786736,29137,22601,6536,13337,9621,5165,779,0,21088,420,11359,17060,2013,4
A,Rockaway Beach and Boardwalk,40.5863767,-73.8004768,153,109,43,29,20,53,45,0,4,145,34,92,2013,4
B,The Peninsula Hotel,40.761719,-73.975259,15594,12302,3292,5744,4132,4740,854,0,10872,373,6100,9330,2013,4
E,Times Square,40.759011,-73.9844722,28889,21005,7884,6972,6945,11307,3466,0,18211,2430,9309,16122,2013,4
D,Orchard Beach,40.8629619,-73.7926456,19,17,2,2,17,0,0,0,13,2,12,13,2013,4
C,Literary Walk,40.7723522,-73.9715901,5,4,1,2,0,2,0,0,5,0,0,3,2013,4
D,Long Beach,40.5884373,-73.657908,38,24,14,6,10,13,9,0,3,35,24,28,2013,4
A,Battery Park,40.7032775,-74.0170279,19444,13230,6213,5795,5117,5145,3232,0,5176,671,4918,10822,2013,4
C,Ricahrd Morris Hunt Memorial,40.7714825,-73.9677474,1743,1251,491,649,758,301,33,0,1275,12,493,975,2013,4
C,107th Infantry Memorial,40.769249,-73.9694586,2495,1802,693,886,898,612,90,0,1929,21,810,1406,2013,4
C,911 Memorial,40.7115405,-74.0132725,54810,40773,14037,20282,12960,12585,8527,0,17465,2313,18218,30990,2013,4
E,Broadway and Shubert Alley,40.7578253,-73.9871766,18549,13245,5304,2988,4828,8423,2174,0,12555,673,5453,10027,2013,4
A,Bryant Park,40.7535965,-73.9832326,52864,44190,8674,23799,15094,10139,3310,0,35476,1197,23756,31179,2013,4
B,The Plaza,40.764464,-73.974489,13631,10148,3483,4212,4828,3803,718,0,9277,318,4692,7829,2013,4
C,Grants Tomb,40.8134045,-73.9630671,2013,1292,721,302,464,754,480,0,734,79,561,1176,2013,4
E,Empire State Building,40.7484405,-73.9856644,38103,26603,11500,9785,10520,13166,4448,0,26800,405,11263,21220,2013,4
C,Grand Army Plaza,40.764591,-73.9736523,34104,25433,8671,12322,12379,7911,1332,0,25029,548,12099,19598,2013,4
D,Coney Island Beach,40.5749261,-73.9859414,587,399,188,85,135,180,164,0,15,554,80,318,2013,4
A,Coney Island,40.5749261,-73.9859414,587,399,188,85,135,180,164,0,15,554,80,318,2013,4
C,Washington Square Arch,40.7314658,-73.9970956,46309,32151,14158,10808,13157,16712,5511,0,26761,936,17690,26563,2013,4
D,Rockaway beach and Boardwalk,40.5863767,-73.8004768,153,109,43,29,20,53,45,0,4,145,34,92,2013,4
A,Riverside Park,40.8012339,-73.9723096,370683,266788,103895,66020,94672,154031,54645,0,180985,7034,125400,216966,2013,4
C,Columbus Circle Fountain,40.767885,-73.982622,36968,26545,10422,9532,11485,13316,2418,0,24963,565,14485,21644,2013,4
B,Mandarin Oriental,40.768971,-73.983044,19302,14362,4940,4427,4816,7819,2135,0,12235,631,7704,11233,2013,4
B,The Greenwich Hotel,40.719846,-74.009893,30808,23040,7768,8918,6025,13132,2535,0,14298,428,12914,18092,2013,4
A,State of liberty National Monument,40.6892494,-74.0445004,19444,13230,6213,5795,5117,5145,3232,0,5176,671,4918,10822,2013,4
B,Trump SoHo Hotel,40.725469,-74.005333,11240,8144,3096,1904,2443,4428,2438,0,6073,562,4267,6387,2013,4
B,The Mark Hotel,40.775274,-73.963405,17828,13851,3977,4636,5263,6754,1131,0,12548,149,6134,10481,2013,4
D,Fort Tilden Beach,40.564254,-73.883913,18,11,7,0,0,4,14,0,1,14,3,11,2013,4
F,Regal Cinemas Battery Park,40.71499216,-74.01525132,30247,23723,6524,9933,6432,10409,3319,0,9331,2020,12532,18484,2013,4
B,The Pierre Hotel,40.765247,-73.971998,6823,5106,1717,2087,2307,2190,215,0,4832,132,2562,4077,2013,4
A,Prospect Park,40.6602037,-73.9689558,35256,22334,12922,2740,4594,11860,15612,0,4235,6012,11161,20203,2013,4
E,Museum of National History,40.7813241,-73.9739882,16332,11510,4822,6301,6793,2815,413,0,9615,94,3740,8644,2013,4
F,Sunshine Cinema,40.723024,-73.989961,10869,5713,5156,766,1533,4797,3681,0,6678,188,4608,6088,2013,4
B,Gramercy Park Hotel,40.738524,-73.985742,15157,10785,4372,2062,2743,7368,2938,0,10454,332,6579,8854,2013,4
E,Metropolitan Museum of Art,40.7791865,-73.9635348,14707,10302,4405,6238,5589,2654,224,0,7835,45,3560,8252,2013,4
F,Broadway Theater,40.763417,-73.983394,12040,8459,3581,3030,2459,4754,1695,0,7738,576,4202,6803,2013,4
B,Four Seasons Hotel,40.762347,-73.971312,31723,25792,5931,12944,8996,7060,2553,0,22253,499,12985,18725,2013,4
A,Central Park,40.7711329,-73.9741874,1104654,811892,292762,287315,337169,371037,104811,0,690802,19853,385785,640536,2013,4
F,AMC Lowes Lincoln Square,40.774866,-73.981646,14565,10028,4537,2733,4203,6430,1124,0,10021,162,5996,8842,2013,4
B,The Surrey Hotel,40.774287,-73.96397,24430,18896,5534,6207,7443,9069,1648,0,16868,242,8122,14375,2013,4
E,Rockefeller Center,40.7587402,-73.9786736,28179,21444,6735,12277,9129,5634,814,756,20098,431,11091,16499,2013,5
E,Times Square,40.759011,-73.9844722,27431,19940,7491,6234,7023,10670,3372,727,17295,2263,8633,15247,2013,5
C,Literary Walk,40.7723522,-73.9715901,6,5,1,1,5,0,0,0,3,0,3,5,2013,5
B,The Plaza,40.764464,-73.974489,13101,9713,3387,3978,4687,3516,857,332,8970,340,4637,7601,2013,5
C,Ricahrd Morris Hunt Memorial,40.7714825,-73.9677474,1779,1275,503,633,792,315,37,26,1268,9,474,975,2013,5
D,Long Beach,40.5884373,-73.657908,30,24,6,12,6,6,6,0,5,24,28,23,2013,5
C,107th Infantry Memorial,40.769249,-73.9694586,2447,1917,530,723,948,688,78,61,1956,20,847,1438,2013,5
A,Prospect Park,40.6602037,-73.9689558,36161,22996,13165,3275,4759,11600,15806,1155,4616,6018,12565,21070,2013,5
C,911 Memorial,40.7115405,-74.0132725,56180,42365,13815,20575,13420,12621,9050,1472,18516,2216,18855,32059,2013,5
A,Battery Park,40.7032775,-74.0170279,19267,13694,5573,5684,4988,5223,3236,645,5360,690,5168,10814,2013,5
E,Broadway and Shubert Alley,40.7578253,-73.9871766,17091,12247,4844,2730,4420,7648,2156,585,11256,766,4952,9388,2013,5
C,Grants Tomb,40.8134045,-73.9630671,2088,1478,610,312,547,723,483,68,756,64,626,1250,2013,5
C,Grand Army Plaza,40.764591,-73.9736523,33375,24893,8482,12000,11887,7836,1479,949,24704,579,11802,19208,2013,5
E,Empire State Building,40.7484405,-73.9856644,37682,26425,11257,10046,9697,12815,4969,1259,26569,437,11510,21008,2013,5
D,Coney Island Beach,40.5749261,-73.9859414,573,383,190,107,142,177,133,33,22,516,112,334,2013,5
C,Washington Square Arch,40.7314658,-73.9970956,38117,27460,10657,7651,10057,15019,5318,1020,22312,857,14961,21979,2013,5
C,Columbus Circle Fountain,40.767885,-73.982622,36103,26277,9826,8829,11737,12659,2693,981,24185,591,14257,21256,2013,5
D,Rockaway beach and Boardwalk,40.5863767,-73.8004768,149,102,46,21,27,44,56,6,6,135,50,85,2013,5
B,Mandarin Oriental,40.768971,-73.983044,16610,12366,4244,3755,4185,6601,1961,315,10521,568,6791,9793,2013,5
A,Riverside Park,40.8012339,-73.9723096,356490,266348,90142,63534,92152,144672,54738,7588,176188,6760,124769,209125,2013,5
B,The Greenwich Hotel,40.719846,-74.009893,28468,21597,6871,7810,5455,12454,2559,518,13201,464,11991,16658,2013,5
A,Central Park,40.7711329,-73.9741874,1085416,824810,260606,272453,337328,361501,109113,26028,678325,20776,388065,633709,2013,5
B,Trump SoHo Hotel,40.725469,-74.005333,10853,7886,2967,1718,2494,3922,2654,248,5801,618,4093,6279,2013,5
B,The Mark Hotel,40.775274,-73.963405,17358,13552,3805,4396,5284,6360,1241,331,12160,128,6069,10427,2013,5
A,Bryant Park,40.7535965,-73.9832326,49808,41608,8200,21748,13842,9873,3894,823,33183,1098,22844,29297,2013,5
B,The Pierre Hotel,40.765247,-73.971998,6599,4950,1648,1990,2348,1969,262,188,4647,114,2495,3942,2013,5
D,Fort Tilden Beach,40.564254,-73.883913,6,1,5,0,0,2,4,0,0,5,0,4,2013,5
B,Gramercy Park Hotel,40.738524,-73.985742,14595,10722,3873,2016,2605,6872,3062,278,9750,271,6130,8748,2013,5
B,Four Seasons Hotel,40.762347,-73.971312,30584,25136,5448,12985,7883,6922,2639,387,20965,538,12379,18230,2013,5
B,The Surrey Hotel,40.774287,-73.96397,24845,19443,5402,6286,7504,9173,1820,310,16848,271,7935,14488,2013,5
C,Statue of Liberty,40.6892494,-74.0445004,19267,13694,5573,5684,4988,5223,3236,645,5360,690,5168,10814,2013,5
F,Regal Cinemas Battery Park,40.71499216,-74.01525132,29427,22475,6952,8237,6688,10957,3364,682,10163,1908,12762,18057,2013,5
A,State of liberty National Monument,40.6892494,-74.0445004,19267,13694,5573,5684,4988,5223,3236,645,5360,690,5168,10814,2013,5
E,Museum of National History,40.7813241,-73.9739882,15199,10129,5070,5345,6483,2922,435,435,9065,98,3908,8180,2013,5
A,Rockaway Beach and Boardwalk,40.5863767,-73.8004768,149,102,46,21,27,44,56,6,6,135,50,85,2013,5
F,Sunshine Cinema,40.723024,-73.989961,9838,5956,3882,628,1437,4365,3300,296,5719,234,3878,5380,2013,5
B,The Peninsula Hotel,40.761719,-73.975259,15184,12032,3152,5842,4030,4409,804,259,10647,398,6195,9111,2013,5
E,Metropolitan Museum of Art,40.7791865,-73.9635348,16827,11320,5507,6412,7284,2873,247,482,9008,61,4274,9396,2013,5
F,Broadway Theater,40.763417,-73.983394,12037,8582,3455,2577,2653,4828,1934,234,7751,566,4162,6798,2013,5
A,Coney Island,40.5749261,-73.9859414,573,383,190,107,142,177,133,33,22,516,112,334,2013,5
F,AMC Lowes Lincoln Square,40.774866,-73.981646,17643,11843,5800,2829,5478,7809,1444,466,12204,161,7135,10510,2013,5
C,Literary Walk,40.7723522,-73.9715901,3,1,2,0,0,1,2,0,3,0,2,2,2013,6
D,Orchard Beach,40.8629619,-73.7926456,14,7,7,5,9,0,0,0,0,13,3,7,2013,6
C,Ricahrd Morris Hunt Memorial,40.7714825,-73.9677474,1296,983,313,429,539,281,43,0,956,6,412,733,2013,6
D,Long Beach,40.5884373,-73.657908,24,18,6,4,3,10,7,0,0,22,10,17,2013,6
A,Bryant Park,40.7535965,-73.9832326,51493,40158,11335,22281,14162,10698,3840,0,34600,1140,23158,29855,2013,6
A,Rockaway Beach and Boardwalk,40.5863767,-73.8004768,140,76,64,19,23,40,50,0,2,134,20,80,2013,6
C,107th Infantry Memorial,40.769249,-73.9694586,2242,1701,541,624,869,662,82,0,1777,22,824,1290,2013,6
C,911 Memorial,40.7115405,-74.0132725,58442,40077,18365,20775,13868,13874,9398,0,18404,2219,18375,32854,2013,6
A,Central Park,40.7711329,-73.9741874,1032738,717298,315439,250185,315824,346589,114633,0,640457,19435,361800,595099,2013,6
A,State of liberty National Monument,40.6892494,-74.0445004,21601,12358,9242,6275,5905,5697,3570,0,5915,685,5482,11993,2013,6
B,The Plaza,40.764464,-73.974489,12575,8936,3639,3767,4468,3238,1061,0,8888,347,4313,7174,2013,6
C,Grants Tomb,40.8134045,-73.9630671,1932,1171,761,286,513,663,456,0,643,70,517,1134,2013,6
E,Broadway and Shubert Alley,40.7578253,-73.9871766,18869,11618,7251,3041,5592,7706,2328,0,12551,799,5378,10060,2013,6
E,Empire State Building,40.7484405,-73.9856644,40759,26349,14410,9495,11332,14200,5540,0,29262,496,12380,22328,2013,6
C,Grand Army Plaza,40.764591,-73.9736523,31513,22379,9133,10457,11586,7639,1672,0,23574,520,11179,17940,2013,6
D,Coney Island Beach,40.5749261,-73.9859414,715,372,343,118,218,217,143,0,16,658,67,368,2013,6
C,Washington Square Arch,40.7314658,-73.9970956,36730,22734,13996,7303,8983,13876,6447,0,20715,879,13597,20867,2013,6
C,Columbus Circle Fountain,40.767885,-73.982622,34422,22403,12019,8529,11501,11549,2613,0,23029,609,13538,20116,2013,6
D,Rockaway beach and Boardwalk,40.5863767,-73.8004768,140,76,64,19,23,40,50,0,2,134,20,80,2013,6
B,Mandarin Oriental,40.768971,-73.983044,15420,10767,4652,3369,4045,5780,2125,0,9727,563,6228,8917,2013,6
B,The Greenwich Hotel,40.719846,-74.009893,28193,19909,8284,7938,5646,11571,2841,0,12673,435,11801,16301,2013,6
B,Trump SoHo Hotel,40.725469,-74.005333,10300,6646,3654,1693,2505,3799,2262,0,5286,672,3515,5860,2013,6
B,The Mark Hotel,40.775274,-73.963405,15187,11346,3841,3494,4773,5617,1240,0,10485,169,5349,8987,2013,6
A,Coney Island,40.5749261,-73.9859414,715,372,343,118,218,217,143,0,16,658,67,368,2013,6
A,Battery Park,40.7032775,-74.0170279,21601,12358,9242,6275,5905,5697,3570,0,5915,685,5482,11993,2013,6
B,The Pierre Hotel,40.765247,-73.971998,6258,4288,1970,1679,2285,1957,318,0,4484,130,2205,3569,2013,6
D,Fort Tilden Beach,40.564254,-73.883913,10,2,8,0,1,0,9,0,0,10,0,5,2013,6
B,Gramercy Park Hotel,40.738524,-73.985742,13185,8908,4277,1752,2814,5932,2646,0,8904,276,5490,7654,2013,6
E,Museum of National History,40.7813241,-73.9739882,16033,10626,5407,5776,6884,2880,466,0,9471,74,3704,8412,2013,6
F,Regal Cinemas Battery Park,40.71499216,-74.01525132,29359,19984,9375,7654,6967,10854,3712,0,9771,1869,11697,17690,2013,6
B,Four Seasons Hotel,40.762347,-73.971312,29853,23277,6576,12492,7927,6482,2834,0,20646,541,12080,17419,2013,6
A,Prospect Park,40.6602037,-73.9689558,35343,20183,15160,2530,4157,11683,16460,0,4290,6217,10663,20227,2013,6
A,Riverside Park,40.8012339,-73.9723096,330238,223965,106273,52615,85510,134899,55800,0,158375,6774,110013,191895,2013,6
E,Metropolitan Museum of Art,40.7791865,-73.9635348,14770,9653,5117,5282,6394,2828,253,0,7757,43,3581,8053,2013,6
F,Sunshine Cinema,40.723024,-73.989961,11974,5757,6217,768,1617,4965,4516,0,7240,194,4877,6534,2013,6
B,The Surrey Hotel,40.774287,-73.96397,21429,15887,5542,5026,6756,7697,1897,0,14561,265,6832,12384,2013,6
C,Statue of Liberty,40.6892494,-74.0445004,21601,12358,9242,6275,5905,5697,3570,0,5915,685,5482,11993,2013,6
F,Broadway Theater,40.763417,-73.983394,11295,7355,3940,2298,2814,3815,2291,0,7221,592,3670,6400,2013,6
B,The Peninsula Hotel,40.761719,-73.975259,14628,11114,3514,5279,4395,3828,983,0,10037,349,5952,8551,2013,6
F,AMC Lowes Lincoln Square,40.774866,-73.981646,16910,10733,6177,2685,5563,7306,1292,0,11903,212,6795,10092,2013,6
E,Rockefeller Center,40.7587402,-73.9786736,25729,18403,7326,10274,9009,5430,696,0,18346,365,9618,14748,2013,6
E,Times Square,40.759011,-73.9844722,27535,17793,9742,5489,8126,10057,3662,0,17333,2434,8019,14907,2013,6
C,Literary Walk,40.7723522,-73.9715901,2,2,0,0,0,0,1,0,1,0,0,2,2013,7
D,Orchard Beach,40.8629619,-73.7926456,15,1,14,9,6,0,0,1,0,15,1,6,2013,7
C,Ricahrd Morris Hunt Memorial,40.7714825,-73.9677474,1417,1108,309,421,599,359,33,18,1001,8,394,756,2013,7
D,Long Beach,40.5884373,-73.657908,13,11,2,8,0,1,4,0,1,12,6,11,2013,7
A,Bryant Park,40.7535965,-73.9832326,52806,43188,9618,23121,14272,11283,3599,740,35504,1114,22902,30477,2013,7
A,Rockaway Beach and Boardwalk,40.5863767,-73.8004768,140,88,52,18,38,42,39,4,0,132,20,88,2013,7
C,107th Infantry Memorial,40.769249,-73.9694586,1769,1433,336,536,725,445,56,51,1356,20,548,1034,2013,7
C,911 Memorial,40.7115405,-74.0132725,60142,44878,15264,21715,13940,15373,8715,1454,20208,2212,18381,33594,2013,7
A,Central Park,40.7711329,-73.9741874,958807,729597,229209,227915,297438,325789,102339,21276,584196,17952,320367,550630,2013,7
A,State of liberty National Monument,40.6892494,-74.0445004,27459,18323,9135,9786,7826,6312,3363,1022,6860,626,5612,14583,2013,7
B,The Plaza,40.764464,-73.974489,13089,9733,3355,3771,5101,3345,831,358,9307,332,3999,7322,2013,7
C,Grants Tomb,40.8134045,-73.9630671,1573,1087,485,201,419,561,377,55,484,51,421,929,2013,7
E,Broadway and Shubert Alley,40.7578253,-73.9871766,21699,15053,6646,3187,6630,9325,2452,534,14666,822,5379,11489,2013,7
C,Grand Army Plaza,40.764591,-73.9736523,35071,26276,8795,11164,14028,8326,1419,905,26260,496,10907,19732,2013,7
E,Empire State Building,40.7484405,-73.9856644,49843,35888,13955,11063,14714,18353,5565,1404,36378,427,14079,26821,2013,7
D,Coney Island Beach,40.5749261,-73.9859414,768,492,275,139,250,214,146,53,14,730,81,400,2013,7
C,Washington Square Arch,40.7314658,-73.9970956,36264,26021,10243,7038,9012,14011,6113,780,19805,718,12960,20411,2013,7
D,Rockaway beach and Boardwalk,40.5863767,-73.8004768,140,88,52,18,38,42,39,4,0,132,20,88,2013,7
C,Columbus Circle Fountain,40.767885,-73.982622,35172,26105,9067,8488,11667,12281,2540,894,24200,474,12997,20263,2013,7
B,Mandarin Oriental,40.768971,-73.983044,14937,11177,3760,3184,4251,5340,2077,391,9530,572,5811,8689,2013,7
B,The Greenwich Hotel,40.719846,-74.009893,23744,18127,5617,5644,5019,10899,2051,498,10877,274,10012,13827,2013,7
B,Trump SoHo Hotel,40.725469,-74.005333,9954,7179,2775,1831,2565,3451,2033,223,5088,523,3452,5720,2013,7
B,The Mark Hotel,40.775274,-73.963405,13915,11218,2697,2782,4699,5255,1131,221,9694,145,4594,8327,2013,7
A,Coney Island,40.5749261,-73.9859414,768,492,275,139,250,214,146,53,14,730,81,400,2013,7
A,Battery Park,40.7032775,-74.0170279,27459,18323,9135,9786,7826,6312,3363,1022,6860,626,5612,14583,2013,7
B,The Pierre Hotel,40.765247,-73.971998,5871,4417,1454,1581,2572,1447,253,135,4122,136,1790,3281,2013,7
D,Fort Tilden Beach,40.564254,-73.883913,18,5,13,9,3,4,2,0,1,17,0,11,2013,7
D,Jacob Riis Park  Beach,40.5650846,-73.8727573,2,0,2,0,0,2,0,0,0,2,0,1,2013,7
B,Gramercy Park Hotel,40.738524,-73.985742,12782,9708,3074,1734,2750,5925,2329,266,8718,276,5316,7510,2013,7
E,Museum of National History,40.7813241,-73.9739882,19778,14164,5614,7225,9723,2386,421,535,11208,77,3629,10036,2013,7
F,Regal Cinemas Battery Park,40.71499216,-74.01525132,28794,21746,7048,7266,7529,10770,3059,760,9908,1557,10812,17026,2013,7
B,Four Seasons Hotel,40.762347,-73.971312,29106,24250,4856,11848,7716,6656,2765,308,20594,423,11300,17149,2013,7
A,Prospect Park,40.6602037,-73.9689558,31852,21579,10273,2453,3449,11553,13931,971,3555,5736,9665,18260,2013,7
A,Riverside Park,40.8012339,-73.9723096,283980,215651,68328,43710,70332,117816,50111,7393,127109,6264,94441,166625,2013,7
B,The Surrey Hotel,40.774287,-73.96397,20494,16157,4336,4218,6940,7517,1782,284,13650,313,6347,11775,2013,7
F,Sunshine Cinema,40.723024,-73.989961,11563,6683,4880,656,1989,5228,3624,335,6820,140,4746,6356,2013,7
E,Metropolitan Museum of Art,40.7791865,-73.9635348,16009,11310,4698,5238,8278,2270,217,425,7949,53,3389,8574,2013,7
C,Statue of Liberty,40.6892494,-74.0445004,27459,18323,9135,9786,7826,6312,3363,1022,6860,626,5612,14583,2013,7
F,Broadway Theater,40.763417,-73.983394,13334,9722,3612,2808,3073,4934,2457,340,8703,650,4191,7359,2013,7
B,The Peninsula Hotel,40.761719,-73.975259,14414,11620,2794,5267,4782,3447,808,200,10217,322,5705,8612,2013,7
F,AMC Lowes Lincoln Square,40.774866,-73.981646,15053,10594,4459,2417,5210,6345,1020,467,10559,177,5977,8939,2013,7
E,Rockefeller Center,40.7587402,-73.9786736,31314,23763,7551,11675,12355,6129,802,654,22669,365,10681,17733,2013,7
E,Times Square,40.759011,-73.9844722,29086,20574,8512,5127,10067,10179,3554,777,19025,2260,7511,15504,2013,7
E,Museum of National History,40.7813241,-73.9739882,16141,11570,4570,6154,7725,1891,354,0,9271,79,2916,8320,2013,8
E,Rockefeller Center,40.7587402,-73.9786736,27366,20978,6388,11757,9499,5161,639,0,19901,408,9278,15860,2013,8
E,Metropolitan Museum of Art,40.7791865,-73.9635348,13111,9455,3655,5050,6270,1562,214,0,6442,55,2512,7009,2013,8
E,Times Square,40.759011,-73.9844722,25825,18686,7139,4895,8197,9335,3225,0,16500,2330,6489,13832,2013,8
A,Coney Island,40.5749261,-73.9859414,752,476,276,131,237,230,136,0,9,718,79,383,2013,8
A,Bryant Park,40.7535965,-73.9832326,48845,39674,9171,21119,13007,10834,3484,0,33351,994,21044,28667,2013,8
A,Battery Park,40.7032775,-74.0170279,24833,16431,8402,8871,7052,5438,3326,0,5972,635,4960,13221,2013,8
A,Rockaway Beach and Boardwalk,40.5863767,-73.8004768,192,123,69,30,39,61,61,0,3,185,41,106,2013,8
B,Mandarin Oriental,40.768971,-73.983044,12695,9640,3054,3014,3327,4629,1641,0,8048,479,4903,7538,2013,8
D,Fort Tilden Beach,40.564254,-73.883913,27,12,15,8,4,8,7,0,0,26,4,11,2013,8
B,The Greenwich Hotel,40.719846,-74.009893,18748,13628,5120,3770,3858,9332,1684,0,8789,313,7439,11055,2013,8
D,Orchard Beach,40.8629619,-73.7926456,1,1,0,0,1,0,0,0,0,1,0,1,2013,8
B,Trump SoHo Hotel,40.725469,-74.005333,9359,6656,2703,1683,2536,3348,1731,0,4914,565,3220,5239,2013,8
D,Long Beach,40.5884373,-73.657908,45,22,23,4,14,17,10,0,4,41,23,25,2013,8
B,The Mark Hotel,40.775274,-73.963405,11662,9200,2462,2490,3512,4554,1063,0,7987,141,3858,7039,2013,8
B,The Pierre Hotel,40.765247,-73.971998,5034,3713,1320,1401,1956,1408,255,0,3464,114,1535,2909,2013,8
A,Central Park,40.7711329,-73.9741874,819004,617138,201865,196836,250674,275032,91530,0,498576,17674,269484,476967,2013,8
A,Prospect Park,40.6602037,-73.9689558,28605,19147,9458,1954,3019,9853,13318,0,3189,5285,8567,16647,2013,8
A,State of liberty National Monument,40.6892494,-74.0445004,24833,16431,8402,8871,7052,5438,3326,0,5972,635,4960,13221,2013,8
A,Riverside Park,40.8012339,-73.9723096,238328,181088,57239,38588,59407,97420,41718,0,106033,6710,78460,141936,2013,8
B,The Plaza,40.764464,-73.974489,11553,8612,2940,3283,4233,3186,815,0,8183,323,3403,6615,2013,8
B,Gramercy Park Hotel,40.738524,-73.985742,11116,8221,2895,1504,2330,4870,2372,0,8027,262,4560,6587,2013,8
C,Literary Walk,40.7723522,-73.9715901,1,0,1,1,0,0,0,0,1,0,1,1,2013,8
E,Broadway and Shubert Alley,40.7578253,-73.9871766,18800,13380,5420,2928,5111,8381,2293,0,12610,787,4664,10108,2013,8
B,Four Seasons Hotel,40.762347,-73.971312,26782,21910,4872,10808,7035,6020,2815,0,18598,470,10317,15789,2013,8
C,Ricahrd Morris Hunt Memorial,40.7714825,-73.9677474,1028,824,204,323,467,206,29,0,728,4,275,582,2013,8
E,Empire State Building,40.7484405,-73.9856644,45826,32239,13587,11266,12934,16704,4764,0,33895,421,13033,24996,2013,8
B,The Surrey Hotel,40.774287,-73.96397,18631,14841,3790,4044,6132,6818,1600,0,12112,243,5494,10762,2013,8
C,Statue of Liberty,40.6892494,-74.0445004,24833,16431,8402,8871,7052,5438,3326,0,5972,635,4960,13221,2013,8
C,107th Infantry Memorial,40.769249,-73.9694586,1435,1073,362,460,582,334,51,0,1099,20,456,849,2013,8
D,Coney Island Beach,40.5749261,-73.9859414,752,476,276,131,237,230,136,0,9,718,79,383,2013,8
B,The Peninsula Hotel,40.761719,-73.975259,13003,10409,2594,4833,3918,3160,983,0,9142,383,4896,7853,2013,8
C,911 Memorial,40.7115405,-74.0132725,53453,38609,14844,17831,12616,13904,8653,0,18207,2076,15747,29819,2013,8
D,Rockaway beach and Boardwalk,40.5863767,-73.8004768,192,123,69,30,39,61,61,0,3,185,41,106,2013,8
F,Regal Cinemas Battery Park,40.71499216,-74.01525132,26118,19537,6581,7193,6316,9433,3041,0,9026,1508,9758,15703,2013,8
C,Grants Tomb,40.8134045,-73.9630671,1544,1066,477,219,422,551,342,0,441,79,408,926,2013,8
F,Sunshine Cinema,40.723024,-73.989961,9633,5596,4037,633,1491,4467,3015,0,5679,171,3827,5418,2013,8
C,Grand Army Plaza,40.764591,-73.9736523,30241,22641,7599,9847,11593,7280,1378,0,22434,497,9166,17189,2013,8
F,Broadway Theater,40.763417,-73.983394,12285,9186,3099,2684,2439,4756,2343,0,8089,748,3846,6900,2013,8
C,Washington Square Arch,40.7314658,-73.9970956,33637,23437,10200,6628,9231,12822,4887,0,19743,730,10952,19086,2013,8
F,AMC Lowes Lincoln Square,40.774866,-73.981646,11552,8340,3212,2160,3703,4742,918,0,8352,107,4566,6985,2013,8
C,Columbus Circle Fountain,40.767885,-73.982622,30486,22376,8109,7606,9736,10651,2317,0,21048,515,10958,17768,2013,8
C,Literary Walk,40.7723522,-73.9715901,0,0,0,0,0,0,0,0,0,0,0,0,2013,9
D,Orchard Beach,40.8629619,-73.7926456,3,0,3,2,0,0,0,0,0,3,1,2,2013,9
C,Ricahrd Morris Hunt Memorial,40.7714825,-73.9677474,1367,985,382,437,602,294,33,13,983,6,395,784,2013,9
D,Long Beach,40.5884373,-73.657908,41,41,0,3,13,13,12,2,2,39,103,25,2013,9
A,Bryant Park,40.7535965,-73.9832326,50512,38480,12032,21076,14407,10799,3662,730,33562,1182,22788,29584,2013,9
A,Rockaway Beach and Boardwalk,40.5863767,-73.8004768,176,118,57,32,30,51,61,6,1,167,23,101,2013,9
C,107th Infantry Memorial,40.769249,-73.9694586,2540,1767,773,758,923,801,52,35,2073,25,891,1502,2013,9
C,911 Memorial,40.7115405,-74.0132725,55850,38207,17643,18162,14102,14307,8796,1349,17971,2335,17279,31557,2013,9
A,Central Park,40.7711329,-73.9741874,1013953,720429,293524,247555,310192,351604,99354,21895,629642,19200,372832,590620,2013,9
A,State of liberty National Monument,40.6892494,-74.0445004,22185,13365,8820,7187,5908,5318,3619,685,5591,712,5280,12296,2013,9
B,The Plaza,40.764464,-73.974489,12668,9044,3623,4075,4257,3489,795,313,8761,275,4661,7333,2013,9
C,Grants Tomb,40.8134045,-73.9630671,1865,1149,716,327,416,701,405,34,600,58,551,1103,2013,9
E,Broadway and Shubert Alley,40.7578253,-73.9871766,17306,11756,5550,2986,4378,7225,2558,691,11216,856,4821,9331,2013,9
E,Empire State Building,40.7484405,-73.9856644,38410,24678,13732,9614,10871,12722,5022,1264,27059,458,12129,21526,2013,9
C,Grand Army Plaza,40.764591,-73.9736523,31925,22512,9412,11228,11266,7515,1670,931,23552,480,11653,18460,2013,9
D,Coney Island Beach,40.5749261,-73.9859414,606,331,275,104,171,196,122,17,13,570,57,327,2013,9
C,Washington Square Arch,40.7314658,-73.9970956,39433,25477,13956,8067,10500,15217,5554,873,23508,796,15277,22627,2013,9
C,Columbus Circle Fountain,40.767885,-73.982622,34119,23861,10258,8931,10332,12162,2490,858,22671,519,13914,20058,2013,9
D,Rockaway beach and Boardwalk,40.5863767,-73.8004768,176,118,57,32,30,51,61,6,1,167,23,101,2013,9
B,Mandarin Oriental,40.768971,-73.983044,16075,11565,4509,3949,4012,5947,2085,334,10110,497,6666,9399,2013,9
B,The Greenwich Hotel,40.719846,-74.009893,30032,21326,8706,8342,6325,12539,2669,480,13275,468,12752,17533,2013,9
B,Trump SoHo Hotel,40.725469,-74.005333,9888,6851,3037,1804,2554,3375,2089,282,5253,491,3614,5779,2013,9
B,The Mark Hotel,40.775274,-73.963405,14595,10693,3902,3337,4259,5729,1218,283,10202,158,5275,8760,2013,9
A,Coney Island,40.5749261,-73.9859414,606,331,275,104,171,196,122,17,13,570,57,327,2013,9
A,Battery Park,40.7032775,-74.0170279,22185,13365,8820,7187,5908,5318,3619,685,5591,712,5280,12296,2013,9
B,The Pierre Hotel,40.765247,-73.971998,5968,4136,1831,1766,2067,1796,314,129,4306,118,2211,3488,2013,9
D,Fort Tilden Beach,40.564254,-73.883913,22,11,11,4,5,10,2,0,0,22,1,10,2013,9
B,Gramercy Park Hotel,40.738524,-73.985742,14322,9743,4579,2097,2736,6200,3262,323,9931,273,6157,8343,2013,9
E,Museum of National History,40.7813241,-73.9739882,11863,7446,4417,3986,5192,2332,342,539,6951,88,3001,6453,2013,9
F,Regal Cinemas Battery Park,40.71499216,-74.01525132,27448,20554,6894,7864,6806,9373,3276,634,8698,1858,10992,16455,2013,9
B,Four Seasons Hotel,40.762347,-73.971312,29136,22829,6307,11023,7993,6825,3160,444,19816,493,12061,17094,2013,9
A,Prospect Park,40.6602037,-73.9689558,33685,20287,13398,2722,3758,11972,14698,1105,3784,5888,10514,19769,2013,9
A,Riverside Park,40.8012339,-73.9723096,322253,225973,96280,53236,83675,135454,48431,7562,155810,6640,111008,188509,2013,9
B,The Surrey Hotel,40.774287,-73.96397,22836,16916,5920,5441,7027,8594,1731,357,15667,282,7572,13298,2013,9
F,Sunshine Cinema,40.723024,-73.989961,8749,5064,3685,619,1577,3672,2812,318,5066,180,3850,4906,2013,9
E,Metropolitan Museum of Art,40.7791865,-73.9635348,11927,8344,3582,4237,4902,2592,183,459,6460,51,3117,6684,2013,9
C,Statue of Liberty,40.6892494,-74.0445004,22185,13365,8820,7187,5908,5318,3619,685,5591,712,5280,12296,2013,9
F,Broadway Theater,40.763417,-73.983394,12360,8580,3780,2585,2481,4859,2367,277,7732,767,4375,7000,2013,9
B,The Peninsula Hotel,40.761719,-73.975259,14421,11160,3261,5934,3764,3529,1106,288,9879,340,6050,8590,2013,9
F,AMC Lowes Lincoln Square,40.774866,-73.981646,13576,9199,4377,2627,4572,5335,961,400,9458,145,5727,8239,2013,9
E,Rockefeller Center,40.7587402,-73.9786736,25712,18537,7175,11781,8687,4380,677,765,18176,373,10149,15068,2013,9
E,Times Square,40.759011,-73.9844722,26025,18043,7982,6536,6754,8475,4090,842,16189,2394,7937,14342,2013,9
