C,Literary Walk,40.7723522,-73.9715901,7,3,4,3,3,1,0,0,6,0,1,2,2014,1
C,Ricahrd Morris Hunt Memorial,40.7714825,-73.9677474,3731,2512,1219,1324,1897,457,52,57,2643,12,1116,2109,2014,1
D,Long Beach,40.5884373,-73.657908,39,24,15,6,5,9,12,2,0,38,5,25,2014,1
A,Bryant Park,40.7535965,-73.9832326,47682,39637,8045,21367,13404,9758,2570,2008,33143,852,23533,28181,2014,1
A,Rockaway Beach and Boardwalk,40.5863767,-73.8004768,134,93,40,16,15,55,43,6,0,130,18,80,2014,1
C,107th Infantry Memorial,40.769249,-73.9694586,1683,1293,390,515,621,479,63,80,1389,24,618,992,2014,1
C,911 Memorial,40.7115405,-74.0132725,46140,35147,10993,17331,10185,11384,6707,3024,16752,1599,16425,26609,2014,1
A,Central Park,40.7711329,-73.9741874,965376,714928,250447,242318,305969,322271,90136,52577,627144,16047,371978,564248,2014,1
B,The Plaza,40.764464,-73.974489,11901,8621,3280,3879,4477,2814,707,785,8657,241,4272,6780,2014,1
A,State of liberty National Monument,40.6892494,-74.0445004,17166,12031,5135,5700,4737,3919,2690,1574,4788,492,4577,9540,2014,1
E,Broadway and Shubert Alley,40.7578253,-73.9871766,18793,12833,5960,2855,5410,8321,2098,1412,13481,656,5459,10066,2014,1
C,Grants Tomb,40.8134045,-73.9630671,1604,1110,493,257,348,589,398,97,531,93,510,949,2014,1
C,Grand Army Plaza,40.764591,-73.9736523,32412,23136,9276,10881,13425,6677,1262,2176,24909,332,12106,18534,2014,1
E,Empire State Building,40.7484405,-73.9856644,34696,24622,10074,8966,11094,10565,3929,3008,25091,395,11788,19490,2014,1
D,Coney Island Beach,40.5749261,-73.9859414,518,361,157,66,118,167,155,58,9,481,58,291,2014,1
C,Washington Square Arch,40.7314658,-73.9970956,25309,17912,7397,5338,6232,10292,3394,1233,14503,809,10615,14631,2014,1
C,Columbus Circle Fountain,40.767885,-73.982622,31339,22856,8483,8021,10391,10829,1926,1758,22070,389,13334,18574,2014,1
D,Rockaway beach and Boardwalk,40.5863767,-73.8004768,134,93,40,16,15,55,43,6,0,130,18,80,2014,1
B,Mandarin Oriental,40.768971,-73.983044,14429,10605,3823,3515,4084,5022,1713,738,9481,422,6307,8585,2014,1
B,The Greenwich Hotel,40.719846,-74.009893,26538,19395,7143,7915,5944,10309,2220,1150,12862,310,12272,15554,2014,1
B,Trump SoHo Hotel,40.725469,-74.005333,8257,5769,2488,1452,1936,3144,1663,457,4408,502,3177,4729,2014,1
B,The Mark Hotel,40.775274,-73.963405,15558,11698,3860,3989,5323,5257,907,749,11405,130,5904,9240,2014,1
A,Coney Island,40.5749261,-73.9859414,518,361,157,66,118,167,155,58,9,481,58,291,2014,1
A,Battery Park,40.7032775,-74.0170279,17166,12031,5135,5700,4737,3919,2690,1574,4788,492,4577,9540,2014,1
B,The Pierre Hotel,40.765247,-73.971998,5116,3818,1298,1383,2060,1391,259,370,3769,106,2005,3047,2014,1
D,Fort Tilden Beach,40.564254,-73.883913,9,8,1,0,1,6,2,0,0,9,0,4,2014,1
B,Gramercy Park Hotel,40.738524,-73.985742,12963,9167,3796,1496,2420,6028,3001,675,8991,230,5887,7597,2014,1
E,Museum of National History,40.7813241,-73.9739882,15853,10178,5675,5564,7804,2073,402,1280,9468,75,3966,8382,2014,1
F,Regal Cinemas Battery Park,40.71499216,-74.01525132,27546,20768,6778,8129,7030,9472,2771,1665,10127,1428,11822,16520,2014,1
B,Four Seasons Hotel,40.762347,-73.971312,27172,22165,5007,11742,7105,5624,2595,1282,19620,408,11967,16076,2014,1
A,Prospect Park,40.6602037,-73.9689558,31171,20415,10756,2220,3459,11432,13614,2514,4025,5476,10115,18093,2014,1
A,Riverside Park,40.8012339,-73.9723096,322801,239489,83311,51181,85958,136698,47631,19417,164894,7038,118216,188621,2014,1
B,The Surrey Hotel,40.774287,-73.96397,20864,15830,5034,5319,7206,7008,1292,1110,15039,166,7431,12275,2014,1
F,Sunshine Cinema,40.723024,-73.989961,9608,4807,4801,680,1951,3930,3003,575,6264,179,4420,5409,2014,1
E,Metropolitan Museum of Art,40.7791865,-73.9635348,14772,9701,5071,5167,7381,1979,233,613,8246,44,3888,8089,2014,1
C,Statue of Liberty,40.6892494,-74.0445004,17166,12031,5135,5700,4737,3919,2690,1574,4788,492,4577,9540,2014,1
F,Broadway Theater,40.763417,-73.983394,12739,8967,3772,2955,3014,4459,2218,576,8506,721,4550,7161,2014,1
B,The Peninsula Hotel,40.761719,-73.975259,13104,10031,3073,5022,4133,2895,930,691,9479,252,5528,7895,2014,1
F,AMC Lowes Lincoln Square,40.774866,-73.981646,16888,11053,5835,3022,6013,6719,1067,1402,12276,145,7199,9977,2014,1
E,Rockefeller Center,40.7587402,-73.9786736,28166,20784,7382,11058,11672,4599,626,1804,20735,321,10892,16354,2014,1
E,Times Square,40.759011,-73.9844722,27640,19146,8494,5611,8375,9378,4099,1525,18176,2144,9100,15332,2014,1
C,Literary Walk,40.7723522,-73.9715901,1,1,0,0,1,0,0,0,1,0,0,1,2014,10
D,Orchard Beach,40.8629619,-73.7926456,3,1,2,2,0,1,0,0,0,3,0,3,2014,10
C,Ricahrd Morris Hunt Memorial,40.7714825,-73.9677474,1665,1224,441,637,675,325,27,23,1226,9,546,921,2014,10
D,Long Beach,40.5884373,-73.657908,29,27,2,5,1,9,14,3,2,27,31,22,2014,10
A,Bryant Park,40.7535965,-73.9832326,47967,39946,8021,21973,12282,9671,3657,1506,32095,1247,25463,28743,2014,10
A,Rockaway Beach and Boardwalk,40.5863767,-73.8004768,186,144,41,20,28,70,64,2,2,170,28,103,2014,10
C,107th Infantry Memorial,40.769249,-73.9694586,2385,1791,594,699,860,762,62,35,1972,21,923,1398,2014,10
C,911 Memorial,40.7115405,-74.0132725,60590,45719,14871,25724,17219,11539,5703,1723,16931,2424,19073,34379,2014,10
A,Central Park,40.7711329,-73.9741874,1025780,764556,261224,258549,307654,356149,98520,25877,660976,20661,428696,606141,2014,10
B,The Plaza,40.764464,-73.974489,13294,9956,3338,4148,4510,3531,1033,301,9285,360,5435,7805,2014,10
A,State of liberty National Monument,40.6892494,-74.0445004,20993,14300,6693,8435,5414,4266,2780,564,4745,577,5400,11698,2014,10
C,Grants Tomb,40.8134045,-73.9630671,1757,1209,547,317,432,685,308,31,540,67,651,1029,2014,10
E,Broadway and Shubert Alley,40.7578253,-73.9871766,17802,12783,5019,2695,4582,7880,2400,666,11652,973,5931,9799,2014,10
C,Grand Army Plaza,40.764591,-73.9736523,33106,24741,8365,11703,10427,8136,2375,600,24760,561,13635,19323,2014,10
E,Empire State Building,40.7484405,-73.9856644,35689,23926,11763,9864,9846,11697,4102,1053,25855,356,12640,19842,2014,10
C,Washington Square Arch,40.7314658,-73.9970956,36271,25821,10450,8363,10369,13525,3944,828,21565,858,16221,21329,2014,10
D,Coney Island Beach,40.5749261,-73.9859414,472,289,183,62,138,135,130,8,7,446,47,267,2014,10
D,Rockaway beach and Boardwalk,40.5863767,-73.8004768,186,144,41,20,28,70,64,2,2,170,28,103,2014,10
C,Columbus Circle Fountain,40.767885,-73.982622,33583,24360,9222,8974,10426,11622,2362,889,22820,512,15287,19951,2014,10
B,Mandarin Oriental,40.768971,-73.983044,17815,13234,4580,4403,4091,6947,2237,421,11455,572,8464,10742,2014,10
B,The Greenwich Hotel,40.719846,-74.009893,16396,11570,4826,2764,3454,8403,1693,426,7259,317,7125,9531,2014,10
B,Trump SoHo Hotel,40.725469,-74.005333,8254,6061,2193,1649,2029,3014,1505,272,4326,552,3447,4908,2014,10
B,The Mark Hotel,40.775274,-73.963405,16555,12839,3716,4041,4937,6322,1206,403,12147,228,6579,9698,2014,10
A,Coney Island,40.5749261,-73.9859414,472,289,183,62,138,135,130,8,7,446,47,267,2014,10
A,Battery Park,40.7032775,-74.0170279,20993,14300,6693,8435,5414,4266,2780,564,4745,577,5400,11698,2014,10
D,Fort Tilden Beach,40.564254,-73.883913,14,6,8,5,3,3,3,0,0,14,3,9,2014,10
B,The Pierre Hotel,40.765247,-73.971998,6317,4889,1427,1626,1983,2361,298,157,4529,166,2872,3725,2014,10
B,Gramercy Park Hotel,40.738524,-73.985742,14888,10779,4109,2012,2618,7083,3132,378,10272,399,7083,8645,2014,10
A,Riverside Park,40.8012339,-73.9723096,331358,247495,83862,57146,82939,142330,47721,9035,163751,6360,133608,196631,2014,10
E,Museum of National History,40.7813241,-73.9739882,14805,9482,5322,5347,6220,2864,369,426,8952,87,4378,8030,2014,10
A,Prospect Park,40.6602037,-73.9689558,31863,20874,10989,2585,3485,11358,14052,775,3724,6143,11048,19054,2014,10
B,Four Seasons Hotel,40.762347,-73.971312,28130,22948,5182,11057,7760,6830,2300,819,19781,506,13228,16790,2014,10
F,Regal Cinemas Battery Park,40.71499216,-74.01525132,31539,23404,8135,9062,7795,11351,3168,837,10288,2038,13585,18801,2014,10
B,The Surrey Hotel,40.774287,-73.96397,25348,19056,6291,6141,8053,9135,1937,639,17501,252,9787,14827,2014,10
F,Sunshine Cinema,40.723024,-73.989961,8640,4396,4244,534,1578,3602,2922,138,4927,202,4152,4897,2014,10
E,Metropolitan Museum of Art,40.7791865,-73.9635348,14926,10206,4720,5607,5977,3124,208,357,8349,36,4347,8448,2014,10
C,Statue of Liberty,40.6892494,-74.0445004,20993,14300,6693,8435,5414,4266,2780,564,4745,577,5400,11698,2014,10
F,Broadway Theater,40.763417,-73.983394,11277,8103,3174,2272,2921,4332,1697,261,7065,804,3948,6516,2014,10
B,The Peninsula Hotel,40.761719,-73.975259,14024,11189,2835,5679,3655,3754,807,274,10036,399,6882,8453,2014,10
F,AMC Lowes Lincoln Square,40.774866,-73.981646,14838,10275,4563,2812,4873,6075,977,459,10539,162,6805,8884,2014,10
E,Rockefeller Center,40.7587402,-73.9786736,26906,20092,6814,12373,7975,5349,731,526,19063,410,11887,15989,2014,10
E,Times Square,40.759011,-73.9844722,22444,16512,5932,5732,5300,7902,3145,711,13722,2213,8160,12608,2014,10
A,Central Park,40.7711329,-73.9741874,948639,642041,306598,237699,296915,313851,95048,53839,619624,18125,401272,559260,2014,11
F,Sunshine Cinema,40.723024,-73.989961,11671,5675,5996,625,2159,5211,3661,343,7419,217,6389,6809,2014,11
E,Broadway and Shubert Alley,40.7578253,-73.9871766,16142,10385,5757,2899,4806,6386,1895,1182,10901,815,5455,8964,2014,11
F,Broadway Theater,40.763417,-73.983394,11291,7232,4059,2238,3043,4008,1960,599,7222,754,3875,6332,2014,11
D,Fort Tilden Beach,40.564254,-73.883913,6,4,2,1,3,0,2,0,0,6,3,6,2014,11
E,Empire State Building,40.7484405,-73.9856644,31576,19096,12480,8219,9155,10308,3714,1769,22975,322,11800,17790,2014,11
F,AMC Lowes Lincoln Square,40.774866,-73.981646,16928,9769,7159,3559,5608,6523,1164,988,11878,195,7997,10040,2014,11
D,Coney Island Beach,40.5749261,-73.9859414,430,233,197,52,82,168,113,24,6,398,66,244,2014,11
E,Rockefeller Center,40.7587402,-73.9786736,28326,18245,10081,11535,9806,5740,893,1314,20469,384,11806,16163,2014,11
D,Rockaway beach and Boardwalk,40.5863767,-73.8004768,126,86,40,9,16,58,38,8,0,124,23,79,2014,11
A,Bryant Park,40.7535965,-73.9832326,46099,33833,12266,18942,13164,10040,3407,2283,30945,998,23691,27113,2014,11
A,Riverside Park,40.8012339,-73.9723096,319704,210925,108779,53852,84492,130901,49065,18841,160834,6396,129382,189165,2014,11
E,Times Square,40.759011,-73.9844722,21494,14079,7415,4726,5581,7692,3257,1342,13366,2212,7540,11991,2014,11
B,Mandarin Oriental,40.768971,-73.983044,15503,10299,5204,3800,3852,5790,1941,884,10193,429,7513,9324,2014,11
C,Ricahrd Morris Hunt Memorial,40.7714825,-73.9677474,1491,1006,485,507,650,311,19,76,1146,10,498,850,2014,11
A,Coney Island,40.5749261,-73.9859414,430,233,197,52,82,168,113,24,6,398,66,244,2014,11
A,State of liberty National Monument,40.6892494,-74.0445004,18039,10618,7420,6873,4653,3529,2731,974,4441,461,4905,10244,2014,11
B,The Greenwich Hotel,40.719846,-74.009893,20890,13428,7462,4829,4443,9562,1972,1107,9921,313,9650,12332,2014,11
E,Museum of National History,40.7813241,-73.9739882,14874,9190,5684,5092,6573,2819,375,493,9329,68,4988,8077,2014,11
C,107th Infantry Memorial,40.769249,-73.9694586,2280,1601,678,692,921,611,52,192,1930,20,923,1353,2014,11
B,Trump SoHo Hotel,40.725469,-74.005333,8104,5276,2828,1448,1923,3219,1466,485,4431,541,3315,4619,2014,11
B,The Mark Hotel,40.775274,-73.963405,15633,10543,5089,3733,4921,5742,1154,919,11558,175,6386,9355,2014,11
C,911 Memorial,40.7115405,-74.0132725,54003,36792,17211,22658,16144,9680,5215,2808,15148,1995,16553,30606,2014,11
E,Metropolitan Museum of Art,40.7791865,-73.9635348,15832,9640,6192,5712,7185,2675,250,595,8869,28,4689,8962,2014,11
C,Grants Tomb,40.8134045,-73.9630671,1935,1122,813,303,488,704,422,121,582,62,670,1122,2014,11
B,The Pierre Hotel,40.765247,-73.971998,6187,4117,2070,1801,2303,1733,289,478,4569,127,2815,3621,2014,11
A,Rockaway Beach and Boardwalk,40.5863767,-73.8004768,126,86,40,9,16,58,38,8,0,124,23,79,2014,11
C,Grand Army Plaza,40.764591,-73.9736523,32933,21185,11747,11146,11954,7845,1700,1968,25205,522,13843,18989,2014,11
B,Gramercy Park Hotel,40.738524,-73.985742,13013,8319,4694,1603,2465,6168,2735,733,8979,303,6294,7566,2014,11
A,Prospect Park,40.6602037,-73.9689558,29894,17290,12604,2365,3102,10302,13700,1738,3217,6017,10342,17635,2014,11
C,Washington Square Arch,40.7314658,-73.9970956,30519,19294,11225,6965,8481,11123,3878,1374,18315,819,13838,17855,2014,11
B,Four Seasons Hotel,40.762347,-73.971312,24564,18219,6345,9734,6824,5863,2000,1213,17501,445,11799,14657,2014,11
B,The Surrey Hotel,40.774287,-73.96397,23078,16272,6806,5667,7233,8538,1581,1382,16657,241,8979,13455,2014,11
C,Columbus Circle Fountain,40.767885,-73.982622,29687,19286,10401,7642,9631,9871,2270,1588,20607,452,13654,17667,2014,11
D,Orchard Beach,40.8629619,-73.7926456,1,0,1,0,1,0,0,0,0,1,0,1,2014,11
C,Statue of Liberty,40.6892494,-74.0445004,18039,10618,7420,6873,4653,3529,2731,974,4441,461,4905,10244,2014,11
B,The Peninsula Hotel,40.761719,-73.975259,12396,8993,3403,4845,3261,3342,797,709,8900,297,6221,7414,2014,11
D,Long Beach,40.5884373,-73.657908,35,22,13,5,7,7,16,1,0,35,8,22,2014,11
B,The Plaza,40.764464,-73.974489,13270,8745,4525,3841,4634,3756,974,549,9645,357,5589,7556,2014,11
F,Regal Cinemas Battery Park,40.71499216,-74.01525132,28939,19060,9879,7277,8266,10499,2768,1479,10271,1735,12342,17095,2014,11
A,Battery Park,40.7032775,-74.0170279,18039,10618,7420,6873,4653,3529,2731,974,4441,461,4905,10244,2014,11
A,Central Park,40.7711329,-73.9741874,970977,721370,249606,235908,312413,324153,94329,17410,644790,19008,406755,567552,2014,12
F,Sunshine Cinema,40.723024,-73.989961,8661,4931,3730,537,1731,3942,2433,148,5473,204,4303,4902,2014,12
D,Fort Tilden Beach,40.564254,-73.883913,17,11,6,2,4,1,9,0,2,14,10,13,2014,12
F,Broadway Theater,40.763417,-73.983394,11036,7995,3041,2510,2974,3665,1853,232,7200,713,4169,6219,2014,12
E,Broadway and Shubert Alley,40.7578253,-73.9871766,14936,10548,4388,2728,4555,5701,1839,544,9989,872,5221,8223,2014,12
F,AMC Lowes Lincoln Square,40.774866,-73.981646,16230,11272,4958,3004,5488,6651,992,727,11780,138,7549,9628,2014,12
D,Jacob Riis Park  Beach,40.5650846,-73.8727573,1,1,0,0,0,0,0,0,1,0,0,1,2014,12
E,Empire State Building,40.7484405,-73.9856644,34286,23471,10815,10469,11012,9002,3621,1595,24837,308,11560,18820,2014,12
D,Coney Island Beach,40.5749261,-73.9859414,507,347,159,59,106,195,139,23,9,482,60,274,2014,12
E,Rockefeller Center,40.7587402,-73.9786736,28410,20959,7451,12612,8878,4867,1640,583,21264,386,11184,16049,2014,12
E,Times Square,40.759011,-73.9844722,19259,14195,5064,4746,5706,5486,3132,565,12380,2102,7107,10627,2014,12
A,Bryant Park,40.7535965,-73.9832326,48770,37303,11467,19199,14544,11641,3032,921,32887,1044,23494,28403,2014,12
A,Riverside Park,40.8012339,-73.9723096,307744,230031,77713,47864,80628,131490,46619,6415,160512,6128,124717,181485,2014,12
D,Rockaway beach and Boardwalk,40.5863767,-73.8004768,170,133,37,21,29,55,61,2,1,157,24,92,2014,12
C,Literary Walk,40.7723522,-73.9715901,0,0,0,0,0,0,0,0,0,0,0,0,2014,12
B,Mandarin Oriental,40.768971,-73.983044,14954,11134,3819,3485,4054,5198,2128,290,9695,520,7102,8788,2014,12
C,Ricahrd Morris Hunt Memorial,40.7714825,-73.9677474,1389,1029,360,490,633,227,36,9,1024,7,487,790,2014,12
A,Coney Island,40.5749261,-73.9859414,507,347,159,59,106,195,139,23,9,482,60,274,2014,12
A,State of liberty National Monument,40.6892494,-74.0445004,20164,13997,6166,7736,5446,4063,2798,441,5090,534,5170,11114,2014,12
B,The Greenwich Hotel,40.719846,-74.009893,22241,16452,5789,5976,4852,8997,2304,234,10837,256,10327,13044,2014,12
E,Museum of National History,40.7813241,-73.9739882,17993,11966,6027,6950,8588,2040,406,123,10750,83,4950,9434,2014,12
B,Trump SoHo Hotel,40.725469,-74.005333,7214,5205,2009,1135,1787,2817,1450,125,3697,483,2738,4154,2014,12
C,107th Infantry Memorial,40.769249,-73.9694586,2003,1587,416,500,797,627,75,29,1654,21,816,1194,2014,12
B,The Mark Hotel,40.775274,-73.963405,15499,11733,3766,4034,5226,5214,960,300,11874,131,6393,9184,2014,12
C,911 Memorial,40.7115405,-74.0132725,61557,44859,16698,25089,19198,11167,5680,1294,17428,1940,18106,34233,2014,12
E,Metropolitan Museum of Art,40.7791865,-73.9635348,16886,11570,5315,6267,7894,2465,254,122,9520,47,4797,9331,2014,12
B,The Pierre Hotel,40.765247,-73.971998,6009,4237,1771,1617,2351,1703,305,188,4529,127,2664,3437,2014,12
C,Grants Tomb,40.8134045,-73.9630671,1639,1152,487,270,401,624,329,28,541,69,578,974,2014,12
A,Rockaway Beach and Boardwalk,40.5863767,-73.8004768,170,133,37,21,29,55,61,2,1,157,24,92,2014,12
C,Grand Army Plaza,40.764591,-73.9736523,35455,24936,10519,11853,13600,8187,1632,834,27495,462,14658,20017,2014,12
B,Gramercy Park Hotel,40.738524,-73.985742,13268,9209,4059,1689,2815,5678,3063,279,9154,318,6407,7722,2014,12
A,Prospect Park,40.6602037,-73.9689558,28906,19812,9094,2244,2819,10163,13379,448,3240,6258,10359,17218,2014,12
B,Four Seasons Hotel,40.762347,-73.971312,25420,20142,5278,10290,7183,5707,2091,362,18283,512,11938,14935,2014,12
C,Washington Square Arch,40.7314658,-73.9970956,25581,17885,7696,5332,7449,9373,3341,380,15743,704,11434,15031,2014,12
B,The Surrey Hotel,40.774287,-73.96397,21627,16394,5232,5118,7013,7950,1471,324,15976,224,8573,12653,2014,12
C,Columbus Circle Fountain,40.767885,-73.982622,31203,22509,8694,8241,10567,10043,2166,476,22143,457,14291,18327,2014,12
C,Statue of Liberty,40.6892494,-74.0445004,20164,13997,6166,7736,5446,4063,2798,441,5090,534,5170,11114,2014,12
B,The Peninsula Hotel,40.761719,-73.975259,12755,9646,3109,5155,3626,3082,760,229,9474,281,6163,7562,2014,12
D,Long Beach,40.5884373,-73.657908,23,17,6,3,5,5,10,2,2,20,23,19,2014,12
B,The Plaza,40.764464,-73.974489,15193,10913,4280,4689,5608,3980,876,383,11153,357,6064,8594,2014,12
F,Regal Cinemas Battery Park,40.71499216,-74.01525132,28154,21103,7051,8016,7969,8974,3092,552,9485,1680,12036,16622,2014,12
A,Battery Park,40.7032775,-74.0170279,20164,13997,6166,7736,5446,4063,2798,441,5090,534,5170,11114,2014,12
A,Central Park,40.7711329,-73.9741874,883366,632706,250659,214115,269958,309160,85975,26635,569269,14269,356445,517023,2014,2
F,Sunshine Cinema,40.723024,-73.989961,6633,3663,2970,566,1263,2795,1979,212,3902,143,3154,3808,2014,2
D,Fort Tilden Beach,40.564254,-73.883913,20,5,15,3,0,7,10,0,0,20,1,8,2014,2
F,Broadway Theater,40.763417,-73.983394,11778,8310,3468,2630,2552,4682,1868,305,7658,623,4310,6588,2014,2
E,Broadway and Shubert Alley,40.7578253,-73.9871766,15754,10602,5152,2655,3998,7094,1874,655,10943,517,5081,8677,2014,2
E,Empire State Building,40.7484405,-73.9856644,30626,20293,10333,7878,9241,9637,3681,1232,22348,326,11253,17485,2014,2
F,AMC Lowes Lincoln Square,40.774866,-73.981646,13215,8467,4748,2619,4362,5290,887,433,9495,128,5797,7791,2014,2
D,Coney Island Beach,40.5749261,-73.9859414,423,256,167,45,75,162,127,15,6,403,58,242,2014,2
E,Rockefeller Center,40.7587402,-73.9786736,23619,17242,6377,10227,9125,3491,566,1043,17383,257,10305,13833,2014,2
D,Rockaway beach and Boardwalk,40.5863767,-73.8004768,134,93,41,10,23,43,55,5,0,132,18,75,2014,2
A,Bryant Park,40.7535965,-73.9832326,45350,36295,9055,20674,12597,9036,2637,1040,31356,772,22844,26709,2014,2
A,Riverside Park,40.8012339,-73.9723096,313009,221677,91332,50580,81878,132483,46741,9250,157611,5187,119010,183869,2014,2
E,Times Square,40.759011,-73.9844722,24551,17246,7305,4963,6443,8707,4229,957,16331,1676,8742,13806,2014,2
C,Literary Walk,40.7723522,-73.9715901,2,1,0,0,1,0,0,0,1,0,1,2,2014,2
B,Mandarin Oriental,40.768971,-73.983044,14528,10411,4116,3298,3953,5447,1736,395,9338,377,6483,8573,2014,2
C,Ricahrd Morris Hunt Memorial,40.7714825,-73.9677474,1180,831,349,399,506,235,39,21,860,11,418,698,2014,2
A,Coney Island,40.5749261,-73.9859414,423,256,167,45,75,162,127,15,6,403,58,242,2014,2
A,State of liberty National Monument,40.6892494,-74.0445004,15070,9999,5071,5078,3601,3615,2672,629,4181,373,4388,8525,2014,2
B,The Greenwich Hotel,40.719846,-74.009893,25288,17994,7294,7043,5355,10634,2133,640,12099,312,12403,14957,2014,2
C,107th Infantry Memorial,40.769249,-73.9694586,1672,1262,410,537,555,517,57,51,1355,21,659,973,2014,2
B,Trump SoHo Hotel,40.725469,-74.005333,8088,5436,2652,1369,1659,3193,1834,198,4396,478,3402,4699,2014,2
E,Museum of National History,40.7813241,-73.9739882,13030,8266,4764,4602,6158,1937,325,729,7808,68,3669,7047,2014,2
B,The Mark Hotel,40.775274,-73.963405,14405,10575,3830,3529,4572,5265,959,532,10337,164,5643,8692,2014,2
C,911 Memorial,40.7115405,-74.0132725,39107,29035,10072,14374,8813,9730,5796,1058,14088,1563,14834,22707,2014,2
E,Metropolitan Museum of Art,40.7791865,-73.9635348,12733,8356,4377,4421,5872,2239,191,524,7009,35,3873,7112,2014,2
C,Grants Tomb,40.8134045,-73.9630671,1760,1103,657,292,388,629,440,49,639,65,553,1052,2014,2
B,The Pierre Hotel,40.765247,-73.971998,4771,3382,1388,1317,1596,1605,233,137,3457,109,2081,2827,2014,2
A,Rockaway Beach and Boardwalk,40.5863767,-73.8004768,134,93,41,10,23,43,55,5,0,132,18,75,2014,2
C,Grand Army Plaza,40.764591,-73.9736523,27652,19282,8369,9466,10663,6270,1148,940,20964,368,11645,16132,2014,2
B,Gramercy Park Hotel,40.738524,-73.985742,12743,8474,4269,1442,2467,5892,2914,312,9012,211,6057,7503,2014,2
A,Prospect Park,40.6602037,-73.9689558,30570,18972,11598,2261,3366,11189,13311,942,4054,5117,10304,17779,2014,2
B,Four Seasons Hotel,40.762347,-73.971312,25335,19741,5594,9997,7085,5515,2611,654,17857,343,11272,14962,2014,2
C,Washington Square Arch,40.7314658,-73.9970956,30713,20833,9880,6674,7849,11724,4382,793,18894,557,14257,17987,2014,2
B,The Surrey Hotel,40.774287,-73.96397,19392,14233,5158,4840,6619,6723,1162,578,13586,170,7242,11307,2014,2
C,Columbus Circle Fountain,40.767885,-73.982622,30065,21047,9018,7571,9492,10879,1948,978,20899,423,13348,17785,2014,2
C,Statue of Liberty,40.6892494,-74.0445004,15070,9999,5071,5078,3601,3615,2672,629,4181,373,4388,8525,2014,2
B,The Peninsula Hotel,40.761719,-73.975259,12294,9305,2989,4611,3634,3068,810,370,8693,233,5464,7299,2014,2
D,Long Beach,40.5884373,-73.657908,35,22,13,4,5,15,11,0,0,34,3,20,2014,3
B,The Plaza,40.764464,-73.974489,10858,7627,3230,3410,3946,2832,635,416,7789,228,4381,6327,2014,2
F,Regal Cinemas Battery Park,40.71499216,-74.01525132,24909,17981,6928,7517,5829,8627,2807,614,9118,1523,11179,15045,2014,2
A,Battery Park,40.7032775,-74.0170279,15070,9999,5071,5078,3601,3615,2672,629,4181,373,4388,8525,2014,2
E,Rockefeller Center,40.7587402,-73.9786736,29222,20442,8780,12988,10292,5044,649,0,21039,352,11919,17129,2014,3
E,Times Square,40.759011,-73.9844722,28711,19245,9466,6311,7030,11004,4185,0,18629,2271,9454,15961,2014,3
C,Literary Walk,40.7723522,-73.9715901,4,3,0,2,0,1,0,0,0,0,1,1,2014,3
B,The Plaza,40.764464,-73.974489,12916,8822,4094,4002,4730,3325,817,0,9085,317,4692,7460,2014,3
C,Ricahrd Morris Hunt Memorial,40.7714825,-73.9677474,1452,1016,436,525,618,278,29,0,1053,10,449,801,2014,3
D,Long Beach,40.5884373,-73.657908,23,11,12,3,5,9,6,0,1,22,7,17,2014,3
C,107th Infantry Memorial,40.769249,-73.9694586,1910,1450,459,586,706,530,84,0,1541,22,758,1132,2014,3
A,Prospect Park,40.6602037,-73.9689558,35989,21312,14677,2421,3525,12957,16572,0,4325,6228,11661,20649,2014,3
C,911 Memorial,40.7115405,-74.0132725,47619,35929,11690,18039,12136,11174,5862,0,15906,1947,17053,27224,2014,3
A,Battery Park,40.7032775,-74.0170279,20297,13163,7133,7098,5226,4727,3108,0,5279,603,5532,11459,2014,3
E,Broadway and Shubert Alley,40.7578253,-73.9871766,21241,13936,7305,3515,5319,10149,2138,0,14911,719,6646,11602,2014,3
C,Grants Tomb,40.8134045,-73.9630671,2190,1298,891,346,406,844,575,0,686,89,709,1281,2014,3
E,Empire State Building,40.7484405,-73.9856644,37600,24314,13286,9122,10864,12683,4769,0,27290,436,13281,21165,2014,3
C,Grand Army Plaza,40.764591,-73.9736523,32705,22072,10633,11701,12213,7269,1362,0,24566,520,12829,18943,2014,3
D,Coney Island Beach,40.5749261,-73.9859414,512,325,187,65,87,185,166,0,3,496,70,288,2014,3
C,Washington Square Arch,40.7314658,-73.9970956,38487,24547,13940,8836,10123,14411,4993,0,22698,965,16594,22563,2014,3
C,Columbus Circle Fountain,40.767885,-73.982622,35955,23716,12239,9461,10890,12943,2422,0,24617,576,15275,21179,2014,3
D,Rockaway beach and Boardwalk,40.5863767,-73.8004768,172,124,48,23,21,60,59,0,1,159,38,101,2014,3
B,Mandarin Oriental,40.768971,-73.983044,17128,11738,5390,4221,4410,6589,1822,0,10968,497,7580,10114,2014,3
A,Riverside Park,40.8012339,-73.9723096,358802,236345,122456,58177,89937,151400,57727,0,176386,7869,132112,211455,2014,3
B,The Greenwich Hotel,40.719846,-74.009893,29457,20267,9190,8551,5867,12468,2416,0,13860,371,13528,17204,2014,3
A,Central Park,40.7711329,-73.9741874,1020483,695914,324568,251122,311191,349168,104140,0,645356,19483,394577,598563,2014,3
B,Trump SoHo Hotel,40.725469,-74.005333,9988,6459,3529,1699,2060,4058,2132,0,5257,709,3880,5836,2014,3
B,The Mark Hotel,40.775274,-73.963405,17594,12613,4981,4637,5760,5999,1119,0,12468,141,6585,10465,2014,3
A,Bryant Park,40.7535965,-73.9832326,52153,41245,10908,23293,14691,10344,3303,0,35685,1115,25443,30694,2014,3
B,The Pierre Hotel,40.765247,-73.971998,6166,4077,2088,1962,1900,2002,238,0,4454,127,2610,3652,2014,3
D,Fort Tilden Beach,40.564254,-73.883913,20,13,7,1,9,5,3,0,0,20,2,13,2014,3
B,Gramercy Park Hotel,40.738524,-73.985742,15162,9795,5367,1850,2744,7485,3040,0,10511,296,6899,8942,2014,3
B,Four Seasons Hotel,40.762347,-73.971312,29501,22246,7255,10932,8614,6933,2888,0,20873,473,12656,17547,2014,3
B,The Surrey Hotel,40.774287,-73.96397,24922,17692,7230,5759,7941,9348,1813,0,16938,307,8746,14650,2014,3
C,Statue of Liberty,40.6892494,-74.0445004,20297,13163,7133,7098,5226,4727,3108,0,5279,603,5532,11459,2014,3
F,Regal Cinemas Battery Park,40.71499216,-74.01525132,30189,21637,8552,9202,7062,10588,3211,0,10431,1778,13464,18293,2014,3
A,State of liberty National Monument,40.6892494,-74.0445004,20297,13163,7133,7098,5226,4727,3108,0,5279,603,5532,11459,2014,3
E,Museum of National History,40.7813241,-73.9739882,16063,9529,6534,5561,7471,2631,396,0,9665,75,4511,8766,2014,3
A,Rockaway Beach and Boardwalk,40.5863767,-73.8004768,172,124,48,23,21,60,59,0,1,159,38,101,2014,3
F,Sunshine Cinema,40.723024,-73.989961,9691,4806,4885,826,2014,4252,2552,0,5720,213,4341,5607,2014,3
B,The Peninsula Hotel,40.761719,-73.975259,14646,10756,3890,5679,3841,4083,891,0,10741,269,6440,8744,2014,3
E,Metropolitan Museum of Art,40.7791865,-73.9635348,14298,9029,5269,5301,6459,2278,248,0,7484,51,3843,7947,2014,3
F,Broadway Theater,40.763417,-73.983394,15495,10191,5304,3405,3309,6428,2220,0,10108,776,5427,8786,2014,3
A,Coney Island,40.5749261,-73.9859414,512,325,187,65,87,185,166,0,3,496,70,288,2014,3
F,AMC Lowes Lincoln Square,40.774866,-73.981646,16579,9951,6628,2870,5080,7309,1227,0,11649,161,6963,9745,2014,3
C,Statue of Liberty,40.6892494,-74.0445004,23340,15881,7459,9193,6108,4895,3012,0,5329,651,5559,12787,2014,4
E,Rockefeller Center,40.7587402,-73.9786736,28373,21317,7056,12205,9064,6025,752,0,20235,423,11544,16496,2014,4
B,The Peninsula Hotel,40.761719,-73.975259,15058,11859,3199,5602,3738,4697,869,0,10870,326,6602,8773,2014,4
A,Rockaway Beach and Boardwalk,40.5863767,-73.8004768,171,141,29,18,25,71,54,0,2,164,30,100,2014,4
E,Times Square,40.759011,-73.9844722,25897,18896,7001,6226,6019,10278,3111,0,16698,2219,8182,14284,2014,4
D,Orchard Beach,40.8629619,-73.7926456,8,8,0,0,8,0,0,0,0,8,0,2,2014,4
C,Literary Walk,40.7723522,-73.9715901,2,2,0,0,1,1,0,0,2,0,1,2,2014,4
D,Long Beach,40.5884373,-73.657908,61,50,11,17,7,28,9,0,2,57,88,32,2014,4
A,Battery Park,40.7032775,-74.0170279,23340,15881,7459,9193,6108,4895,3012,0,5329,651,5559,12787,2014,4
C,Ricahrd Morris Hunt Memorial,40.7714825,-73.9677474,1493,1101,392,577,627,261,26,0,1081,16,478,843,2014,4
C,107th Infantry Memorial,40.769249,-73.9694586,2569,1875,694,841,1011,636,72,0,2089,14,1014,1488,2014,4
C,911 Memorial,40.7115405,-74.0132725,48794,38602,10192,17960,12205,11827,6419,0,15946,2272,16905,27846,2014,4
E,Broadway and Shubert Alley,40.7578253,-73.9871766,19121,13811,5310,3066,4918,9012,2018,0,13184,759,6050,10596,2014,4
A,Bryant Park,40.7535965,-73.9832326,49761,41730,8031,22404,14370,9237,3353,0,33532,1129,24797,29391,2014,4
B,The Plaza,40.764464,-73.974489,13121,9651,3470,3861,4684,3760,775,0,9170,317,4740,7540,2014,4
C,Grants Tomb,40.8134045,-73.9630671,1994,1333,660,309,443,712,512,0,601,63,645,1203,2014,4
E,Empire State Building,40.7484405,-73.9856644,40554,27768,12786,10858,10516,14266,4758,0,29509,410,13554,22599,2014,4
C,Grand Army Plaza,40.764591,-73.9736523,31617,23300,8316,11076,11523,7589,1309,0,23636,464,12422,18216,2014,4
D,Coney Island Beach,40.5749261,-73.9859414,605,384,221,69,149,212,164,0,9,571,61,327,2014,4
A,Coney Island,40.5749261,-73.9859414,605,384,221,69,149,212,164,0,9,571,61,327,2014,4
C,Washington Square Arch,40.7314658,-73.9970956,42110,29440,12670,10169,12408,14693,4780,0,24349,883,17329,24334,2014,4
D,Rockaway beach and Boardwalk,40.5863767,-73.8004768,171,141,29,18,25,71,54,0,2,164,30,100,2014,4
A,Riverside Park,40.8012339,-73.9723096,346198,253903,92294,60087,90021,144162,50495,0,170045,6701,130676,204698,2014,4
C,Columbus Circle Fountain,40.767885,-73.982622,35084,25215,9868,9098,11009,12475,2271,0,23795,540,15183,20709,2014,4
B,Mandarin Oriental,40.768971,-73.983044,17781,13320,4460,4279,4184,7144,2062,0,11584,604,8001,10491,2014,4
B,The Greenwich Hotel,40.719846,-74.009893,28062,21114,6948,7760,5655,12349,2174,0,12972,401,12856,16528,2014,4
A,State of liberty National Monument,40.6892494,-74.0445004,23340,15881,7459,9193,6108,4895,3012,0,5329,651,5559,12787,2014,4
B,Trump SoHo Hotel,40.725469,-74.005333,9922,6961,2961,1615,2170,4308,1810,0,5317,625,3537,5585,2014,4
B,The Mark Hotel,40.775274,-73.963405,17003,12851,4152,4441,5117,6286,1096,0,12335,161,6542,10213,2014,4
D,Fort Tilden Beach,40.564254,-73.883913,24,23,1,15,2,3,4,0,0,24,6,11,2014,4
F,Regal Cinemas Battery Park,40.71499216,-74.01525132,29731,22318,7413,8550,6900,11418,2698,0,9693,1900,12746,17793,2014,4
B,The Pierre Hotel,40.765247,-73.971998,6321,4507,1814,1639,2289,2099,252,0,4567,131,2618,3678,2014,4
A,Prospect Park,40.6602037,-73.9689558,35097,22413,12684,3104,4446,12251,14789,0,4025,6732,11395,20425,2014,4
E,Museum of National History,40.7813241,-73.9739882,18337,13260,5076,7289,7923,2717,398,0,10849,70,4311,9655,2014,4
F,Sunshine Cinema,40.723024,-73.989961,9662,5078,4584,630,1536,4560,2889,0,5681,203,4232,5383,2014,4
B,Gramercy Park Hotel,40.738524,-73.985742,14509,10219,4290,1814,2623,7211,2843,0,9905,332,6694,8546,2014,4
E,Metropolitan Museum of Art,40.7791865,-73.9635348,13566,9745,3821,5204,5568,2581,205,0,7395,70,3665,7522,2014,4
F,Broadway Theater,40.763417,-73.983394,13357,9481,3876,2729,3067,5614,1872,0,8617,771,4806,7570,2014,4
B,Four Seasons Hotel,40.762347,-73.971312,29442,23650,5792,10819,8762,7456,2250,0,20896,520,13155,17448,2014,4
A,Central Park,40.7711329,-73.9741874,1052572,775849,276722,269568,330623,348521,99421,0,669856,19834,408905,616151,2014,4
F,AMC Lowes Lincoln Square,40.774866,-73.981646,13254,9186,4068,2268,4067,5841,1005,0,9347,164,5922,8062,2014,4
B,The Surrey Hotel,40.774287,-73.96397,24025,18308,5717,6206,7480,8679,1594,0,16840,307,8594,13978,2014,4
C,Statue of Liberty,40.6892494,-74.0445004,24010,15162,8848,8807,6422,5320,3322,924,5750,729,6082,13251,2014,5
E,Rockefeller Center,40.7587402,-73.9786736,28118,19956,8162,11395,9541,6050,748,942,19965,420,12012,16552,2014,5
A,Rockaway Beach and Boardwalk,40.5863767,-73.8004768,164,108,56,14,30,57,59,6,1,157,29,96,2014,5
B,The Peninsula Hotel,40.761719,-73.975259,14297,11052,3245,5313,3850,4052,938,214,10070,380,6293,8562,2014,5
E,Times Square,40.759011,-73.9844722,25694,18019,7675,6141,6227,9010,3974,831,16187,2344,8574,14471,2014,5
D,Orchard Beach,40.8629619,-73.7926456,13,6,7,6,7,0,0,5,0,8,1,4,2014,5
C,Literary Walk,40.7723522,-73.9715901,1,1,0,0,0,1,0,0,1,0,1,1,2014,5
D,Long Beach,40.5884373,-73.657908,48,20,28,11,10,9,18,0,4,43,41,25,2014,5
A,Battery Park,40.7032775,-74.0170279,24010,15162,8848,8807,6422,5320,3322,924,5750,729,6082,13251,2014,5
C,Ricahrd Morris Hunt Memorial,40.7714825,-73.9677474,1681,1214,467,537,781,326,36,14,1245,11,593,1003,2014,5
C,107th Infantry Memorial,40.769249,-73.9694586,2591,1840,751,730,1055,696,104,66,2061,26,1035,1481,2014,5
C,911 Memorial,40.7115405,-74.0132725,52346,39521,12825,18886,13853,12513,6753,1369,15884,2343,17264,29649,2014,5
E,Broadway and Shubert Alley,40.7578253,-73.9871766,18587,12562,6025,2988,4632,8132,2629,682,12174,1044,5706,10007,2014,5
A,Bryant Park,40.7535965,-73.9832326,49298,39854,9444,21357,13126,10731,3650,686,32971,1109,23849,29026,2014,5
B,The Plaza,40.764464,-73.974489,13388,9449,3938,3916,4778,3694,963,350,9238,368,5083,7663,2014,5
C,Grants Tomb,40.8134045,-73.9630671,2351,1593,758,361,533,828,599,72,658,97,715,1357,2014,5
E,Empire State Building,40.7484405,-73.9856644,39478,25300,14178,10010,10253,13958,5121,1311,28000,486,13165,21870,2014,5
C,Grand Army Plaza,40.764591,-73.9736523,30921,21514,9407,10828,10826,7580,1546,910,22859,507,12481,17907,2014,5
D,Coney Island Beach,40.5749261,-73.9859414,660,375,285,136,155,198,149,33,19,595,86,354,2014,5
A,Coney Island,40.5749261,-73.9859414,660,375,285,136,155,198,149,33,19,595,86,354,2014,5
C,Washington Square Arch,40.7314658,-73.9970956,36050,24447,11603,7474,10147,13695,4681,762,21062,876,14920,20879,2014,5
D,Rockaway beach and Boardwalk,40.5863767,-73.8004768,164,108,56,14,30,57,59,6,1,157,29,96,2014,5
A,Riverside Park,40.8012339,-73.9723096,354369,251946,102423,62680,91100,142132,56868,7506,170994,7162,133609,207766,2014,5
C,Columbus Circle Fountain,40.767885,-73.982622,34326,23531,10794,8814,10739,11986,2574,929,23235,577,14691,20245,2014,5
B,Mandarin Oriental,40.768971,-73.983044,18093,13049,5043,4084,4323,7216,2388,331,11326,659,8127,10719,2014,5
B,The Greenwich Hotel,40.719846,-74.009893,28665,20815,7850,7706,5582,12432,2806,497,12649,403,12825,16865,2014,5
A,State of liberty National Monument,40.6892494,-74.0445004,24010,15162,8848,8807,6422,5320,3322,924,5750,729,6082,13251,2014,5
B,Trump SoHo Hotel,40.725469,-74.005333,10301,7202,3099,1695,2495,3735,2325,233,5253,728,3897,5933,2014,5
B,The Mark Hotel,40.775274,-73.963405,16695,12540,4155,3951,5123,6263,1276,310,11911,167,6552,10023,2014,5
D,Fort Tilden Beach,40.564254,-73.883913,15,4,11,0,6,5,4,0,0,12,4,8,2014,5
F,Regal Cinemas Battery Park,40.71499216,-74.01525132,30589,21902,8687,7681,7567,11741,3412,746,10511,2112,13077,18414,2014,5
B,The Pierre Hotel,40.765247,-73.971998,6203,4205,1998,1690,2290,1906,273,175,4351,127,2568,3670,2014,5
A,Prospect Park,40.6602037,-73.9689558,37664,22491,15173,3931,4931,12350,15759,1235,4689,6853,12375,21957,2014,5
E,Museum of National History,40.7813241,-73.9739882,14177,9414,4763,4774,6131,2814,446,479,8418,108,4120,7798,2014,5
F,Sunshine Cinema,40.723024,-73.989961,9695,5222,4473,674,1613,4215,3142,220,5480,262,4065,5362,2014,5
B,Gramercy Park Hotel,40.738524,-73.985742,15159,10503,4656,1683,2629,7315,3509,286,10121,405,6791,8925,2014,5
E,Metropolitan Museum of Art,40.7791865,-73.9635348,14620,9894,4726,5176,6337,2846,240,465,7979,57,4092,8232,2014,5
F,Broadway Theater,40.763417,-73.983394,12218,8202,4016,2245,3039,4528,2341,294,7718,904,4035,6947,2014,5
B,Four Seasons Hotel,40.762347,-73.971312,29255,23033,6222,11709,7715,6934,2730,418,20436,559,13115,17329,2014,5
A,Central Park,40.7711329,-73.9741874,1076403,772945,303457,267478,334015,358145,111573,25664,679171,21246,427465,630436,2014,5
F,AMC Lowes Lincoln Square,40.774866,-73.981646,14451,9548,4903,2595,4308,6322,1147,367,9998,178,6378,8584,2014,5
B,The Surrey Hotel,40.774287,-73.96397,24591,18553,6037,6076,7621,8935,1910,308,16885,303,8875,14281,2014,5
C,Literary Walk,40.7723522,-73.9715901,2,2,0,1,1,0,0,0,2,0,2,2,2014,6
D,Orchard Beach,40.8629619,-73.7926456,22,13,9,0,17,4,1,0,0,22,6,10,2014,6
C,Ricahrd Morris Hunt Memorial,40.7714825,-73.9677474,1375,1054,321,444,599,267,54,0,1006,13,435,778,2014,6
D,Long Beach,40.5884373,-73.657908,41,29,12,6,7,10,16,0,2,37,56,33,2014,6
A,Bryant Park,40.7535965,-73.9832326,49296,39229,10067,20941,12976,11283,3648,0,33287,1074,25022,29114,2014,6
A,Rockaway Beach and Boardwalk,40.5863767,-73.8004768,185,118,67,25,42,63,52,0,5,173,28,97,2014,6
C,107th Infantry Memorial,40.769249,-73.9694586,2062,1588,474,633,823,542,58,0,1663,15,846,1218,2014,6
C,911 Memorial,40.7115405,-74.0132725,57743,41978,15765,21837,15564,13250,6732,0,17146,2364,18327,32540,2014,6
A,Central Park,40.7711329,-73.9741874,969234,700445,268789,238373,289515,331018,104759,0,609997,19723,385888,568307,2014,6
B,The Plaza,40.764464,-73.974489,12323,9096,3227,3700,4127,3474,983,0,8606,349,4727,7027,2014,6
A,State of liberty National Monument,40.6892494,-74.0445004,25044,15684,9360,8846,7209,5567,3286,0,6268,695,6258,13649,2014,6
C,Grants Tomb,40.8134045,-73.9630671,1807,1149,658,288,451,621,432,0,493,83,534,1047,2014,6
E,Broadway and Shubert Alley,40.7578253,-73.9871766,17149,11331,5818,2731,5208,6611,2462,0,11075,946,5504,9383,2014,6
C,Grand Army Plaza,40.764591,-73.9736523,28593,21244,7348,9750,9893,7211,1592,0,21476,442,11632,16483,2014,6
E,Empire State Building,40.7484405,-73.9856644,37416,24843,12573,8208,10603,13633,4821,0,26768,389,12998,20784,2014,6
D,Coney Island Beach,40.5749261,-73.9859414,645,351,294,104,176,207,140,0,14,600,70,360,2014,6
C,Washington Square Arch,40.7314658,-73.9970956,30434,19990,10444,6244,8244,11878,3999,0,16919,868,12383,17634,2014,6
D,Rockaway beach and Boardwalk,40.5863767,-73.8004768,185,118,67,25,42,63,52,0,5,173,28,97,2014,6
C,Columbus Circle Fountain,40.767885,-73.982622,30873,21589,9283,7910,9917,10393,2447,0,21249,509,13488,18275,2014,6
B,Mandarin Oriental,40.768971,-73.983044,14915,10865,4050,3241,3772,5732,2055,0,9538,494,6952,8940,2014,6
B,The Greenwich Hotel,40.719846,-74.009893,25668,18764,6904,7197,5257,10677,2394,0,11575,423,11872,15361,2014,6
B,Trump SoHo Hotel,40.725469,-74.005333,9596,6410,3186,1754,2364,3599,1816,0,4998,661,3781,5521,2014,6
B,The Mark Hotel,40.775274,-73.963405,14288,11205,3083,3176,4481,5498,1056,0,10308,148,5525,8476,2014,6
A,Coney Island,40.5749261,-73.9859414,645,351,294,104,176,207,140,0,14,600,70,360,2014,6
A,Battery Park,40.7032775,-74.0170279,25044,15684,9360,8846,7209,5567,3286,0,6268,695,6258,13649,2014,6
D,Fort Tilden Beach,40.564254,-73.883913,46,21,25,8,19,13,6,0,0,36,10,28,2014,6
B,The Pierre Hotel,40.765247,-73.971998,5755,4256,1499,1499,2158,1736,329,0,4151,153,2380,3393,2014,6
B,Gramercy Park Hotel,40.738524,-73.985742,13476,9303,4173,1556,2627,6430,2823,0,9038,362,6178,7847,2014,6
E,Museum of National History,40.7813241,-73.9739882,13950,9716,4234,5114,5853,2554,414,0,8219,60,3789,7492,2014,6
B,Four Seasons Hotel,40.762347,-73.971312,26844,21709,5135,11199,7309,6148,2054,0,18772,518,12420,15961,2014,6
A,Prospect Park,40.6602037,-73.9689558,35446,21941,13505,2792,4196,12421,15569,0,4330,6351,11726,20588,2014,6
A,Riverside Park,40.8012339,-73.9723096,302784,214500,88284,48329,79341,123414,50254,0,144011,6840,113517,178535,2014,6
F,Regal Cinemas Battery Park,40.71499216,-74.01525132,30668,21572,9096,8250,7858,11069,3353,0,10350,2034,12978,18152,2014,6
B,The Surrey Hotel,40.774287,-73.96397,20377,15791,4586,4598,6332,7564,1823,0,13968,289,7622,12053,2014,6
F,Sunshine Cinema,40.723024,-73.989961,9059,4483,4576,607,1452,3583,3382,0,5107,191,3917,4979,2014,6
E,Metropolitan Museum of Art,40.7791865,-73.9635348,12860,9335,3524,4616,5712,2218,292,0,7053,44,3462,7196,2014,6
C,Statue of Liberty,40.6892494,-74.0445004,25044,15684,9360,8846,7209,5567,3286,0,6268,695,6258,13649,2014,6
F,Broadway Theater,40.763417,-73.983394,11843,8116,3727,2296,3060,4115,2305,0,7429,784,4192,6658,2014,6
B,The Peninsula Hotel,40.761719,-73.975259,13541,10848,2693,4680,4138,3714,870,0,9473,456,6252,8046,2014,6
F,AMC Lowes Lincoln Square,40.774866,-73.981646,12270,8392,3878,2201,3734,5336,931,0,8792,187,5564,7409,2014,6
E,Rockefeller Center,40.7587402,-73.9786736,26011,19497,6514,9899,9217,5792,753,0,18554,428,11094,15237,2014,6
E,Times Square,40.759011,-73.9844722,24460,16410,8050,5046,7147,8624,3336,0,15138,2518,8310,13515,2014,6
A,Central Park,40.7711329,-73.9741874,874421,667389,207032,207613,270408,297851,93176,18449,539500,18704,330293,509053,2014,7
F,Sunshine Cinema,40.723024,-73.989961,9317,4797,4520,537,1687,4013,3049,312,5634,180,4078,5241,2014,7
D,Fort Tilden Beach,40.564254,-73.883913,27,5,22,4,14,6,3,0,0,18,3,15,2014,7
F,Broadway Theater,40.763417,-73.983394,12818,9454,3364,2475,3086,5245,1968,324,8123,966,3937,6990,2014,7
E,Broadway and Shubert Alley,40.7578253,-73.9871766,19479,13886,5593,2904,5671,8645,2110,705,13061,815,5414,10359,2014,7
E,Empire State Building,40.7484405,-73.9856644,43787,30693,13094,10023,13014,15932,4631,1459,31931,399,13348,23761,2014,7
F,AMC Lowes Lincoln Square,40.774866,-73.981646,11925,8584,3341,2160,3784,5145,778,365,8543,125,5222,7106,2014,7
D,Coney Island Beach,40.5749261,-73.9859414,800,510,290,148,266,218,166,52,21,746,99,410,2014,7
E,Rockefeller Center,40.7587402,-73.9786736,29369,22219,7150,10995,10808,6233,851,839,21405,343,11272,16897,2014,7
D,Rockaway beach and Boardwalk,40.5863767,-73.8004768,203,135,67,23,48,74,55,3,3,191,24,103,2014,7
A,Bryant Park,40.7535965,-73.9832326,48869,40169,8700,20402,13448,11271,3194,599,33191,1026,24386,28964,2014,7
A,Riverside Park,40.8012339,-73.9723096,260201,199333,60867,38653,64058,111343,44810,5073,117619,6368,97257,154476,2014,7
E,Times Square,40.759011,-73.9844722,25712,18284,7428,4982,8390,8626,3497,1058,16211,2601,7318,13888,2014,7
C,Literary Walk,40.7723522,-73.9715901,0,0,0,0,0,0,0,0,0,0,0,0,2014,7
B,Mandarin Oriental,40.768971,-73.983044,14691,11034,3656,2987,4020,5528,2036,364,9520,514,6406,8697,2014,7
B,The Greenwich Hotel,40.719846,-74.009893,23516,18255,5261,6411,4852,10148,1985,331,10715,357,10696,13896,2014,7
A,Coney Island,40.5749261,-73.9859414,800,510,290,148,266,218,166,52,21,746,99,410,2014,7
A,State of liberty National Monument,40.6892494,-74.0445004,26506,18199,8306,9889,7970,5595,2934,908,6109,600,5847,14256,2014,7
C,Ricahrd Morris Hunt Memorial,40.7714825,-73.9677474,1270,956,313,349,584,288,40,20,924,10,414,742,2014,7
C,107th Infantry Memorial,40.769249,-73.9694586,1978,1547,430,526,916,480,53,16,1567,21,663,1090,2014,7
B,Trump SoHo Hotel,40.725469,-74.005333,9858,7174,2684,1700,2641,3699,1779,254,4885,707,3422,5551,2014,7
E,Museum of National History,40.7813241,-73.9739882,16687,12076,4611,6249,8105,2000,314,721,9527,81,3584,8706,2014,7
C,911 Memorial,40.7115405,-74.0132725,59866,46028,13838,23873,15889,13958,5762,1519,17850,2224,18137,33463,2014,7
B,The Mark Hotel,40.775274,-73.963405,13986,11304,2682,3024,4687,5113,1077,232,9679,215,5092,8353,2014,7
E,Metropolitan Museum of Art,40.7791865,-73.9635348,14876,10628,4248,5076,7436,2099,256,647,7491,48,3643,8095,2014,7
B,The Pierre Hotel,40.765247,-73.971998,5813,4302,1511,1497,2432,1561,290,65,4021,129,2124,3314,2014,7
C,Grants Tomb,40.8134045,-73.9630671,1726,1185,540,217,366,662,469,50,490,73,561,1027,2014,7
A,Rockaway Beach and Boardwalk,40.5863767,-73.8004768,203,135,67,23,48,74,55,3,3,191,24,103,2014,7
B,Gramercy Park Hotel,40.738524,-73.985742,11643,8770,2873,1453,2378,5652,2129,284,7982,275,5357,6874,2014,7
C,Grand Army Plaza,40.764591,-73.9736523,31352,23412,7940,10196,11838,7623,1574,761,23326,523,11145,17791,2014,7
A,Prospect Park,40.6602037,-73.9689558,30476,20890,9586,2115,3377,11133,13494,840,3455,5972,10213,17940,2014,7
B,Four Seasons Hotel,40.762347,-73.971312,24748,20742,4006,9828,6530,5862,2356,340,17507,443,11319,14845,2014,7
C,Washington Square Arch,40.7314658,-73.9970956,29624,21483,8141,6472,7996,11549,3533,618,16567,707,11547,17107,2014,7
C,Columbus Circle Fountain,40.767885,-73.982622,31538,23361,8177,7845,10616,10610,2266,718,21741,508,12734,18408,2014,7
B,The Surrey Hotel,40.774287,-73.96397,19810,15650,4160,4435,6830,6890,1591,368,13376,295,6833,11485,2014,7
C,Statue of Liberty,40.6892494,-74.0445004,26506,18199,8306,9889,7970,5595,2934,908,6109,600,5847,14256,2014,7
D,Orchard Beach,40.8629619,-73.7926456,11,0,11,0,11,0,0,0,0,5,0,3,2014,7
D,Long Beach,40.5884373,-73.657908,42,34,8,8,3,19,11,0,5,37,60,24,2014,7
B,The Peninsula Hotel,40.761719,-73.975259,12962,10586,2376,4714,3941,3365,833,237,9314,380,5525,7686,2014,7
B,The Plaza,40.764464,-73.974489,13174,9879,3294,3661,4754,3633,1091,315,9084,364,4486,7421,2014,7
F,Regal Cinemas Battery Park,40.71499216,-74.01525132,30502,23226,7276,8543,7767,11023,2968,665,10285,1639,12752,18151,2014,7
A,Battery Park,40.7032775,-74.0170279,26506,18199,8306,9889,7970,5595,2934,908,6109,600,5847,14256,2014,7
E,Museum of National History,40.7813241,-73.9739882,16030,10419,5611,5998,7695,1947,341,0,8800,58,3503,8332,2014,8
E,Rockefeller Center,40.7587402,-73.9786736,28347,20328,8019,10754,10505,6031,684,0,20498,361,10052,15982,2014,8
E,Metropolitan Museum of Art,40.7791865,-73.9635348,12811,7953,4858,4616,6090,1863,225,0,6066,33,2931,7043,2014,8
E,Times Square,40.759011,-73.9844722,24646,15948,8698,5260,6998,8204,3984,3,15541,2517,7215,13414,2014,8
A,Coney Island,40.5749261,-73.9859414,818,433,385,132,259,278,135,0,17,761,99,437,2014,8
A,Bryant Park,40.7535965,-73.9832326,47113,35541,11572,19105,12888,11342,3385,13,31750,895,22221,27495,2014,8
A,Battery Park,40.7032775,-74.0170279,26458,16465,9993,9620,8067,5378,3287,3,5911,646,5646,14177,2014,8
A,Rockaway Beach and Boardwalk,40.5863767,-73.8004768,241,163,78,26,31,86,87,0,6,226,30,131,2014,8
B,Mandarin Oriental,40.768971,-73.983044,13297,9359,3938,2768,3449,5009,1970,0,8365,554,5867,7964,2014,8
D,Fort Tilden Beach,40.564254,-73.883913,17,4,13,2,6,5,4,0,0,16,4,12,2014,8
B,The Greenwich Hotel,40.719846,-74.009893,14394,9641,4753,2398,2906,7524,1498,7,6452,193,5826,8115,2014,8
B,Trump SoHo Hotel,40.725469,-74.005333,9032,6048,2984,1534,2498,3277,1685,6,4645,607,3087,5151,2014,8
D,Long Beach,40.5884373,-73.657908,35,25,10,8,3,14,10,0,5,28,15,25,2014,8
B,The Mark Hotel,40.775274,-73.963405,12622,9437,3184,2750,4076,4636,1115,5,8686,170,4251,7409,2014,8
B,The Pierre Hotel,40.765247,-73.971998,5386,3601,1785,1358,2108,1593,283,0,3650,128,1790,3083,2014,8
A,Central Park,40.7711329,-73.9741874,809800,563645,246154,188547,252682,270894,91980,115,489534,18519,295748,471662,2014,8
A,Prospect Park,40.6602037,-73.9689558,29368,18136,11232,2407,3440,9511,13506,15,3204,6163,9582,17280,2014,8
A,State of liberty National Monument,40.6892494,-74.0445004,26458,16465,9993,9620,8067,5378,3287,3,5911,646,5646,14177,2014,8
A,Riverside Park,40.8012339,-73.9723096,239030,165015,74014,37419,60485,96151,43065,89,104562,7360,87794,141554,2014,8
B,The Plaza,40.764464,-73.974489,12242,8535,3706,3333,4348,3458,1052,0,8443,364,4043,6891,2014,8
D,Jones Beach,40.6298139,-73.5030099,1,1,0,1,0,0,0,0,0,0,0,1,2014,8
B,Gramercy Park Hotel,40.738524,-73.985742,11543,7818,3725,1511,2256,5242,2511,0,8309,295,5215,6821,2014,8
C,Literary Walk,40.7723522,-73.9715901,1,1,0,0,0,0,0,0,0,0,0,1,2014,8
E,Broadway and Shubert Alley,40.7578253,-73.9871766,17448,11226,6222,2720,4593,7566,2423,4,11342,821,4726,9394,2014,8
B,Four Seasons Hotel,40.762347,-73.971312,24373,18820,5553,8960,6521,6078,2678,16,16906,462,9943,14337,2014,8
C,Ricahrd Morris Hunt Memorial,40.7714825,-73.9677474,1194,816,377,398,556,200,29,0,805,13,347,688,2014,8
E,Empire State Building,40.7484405,-73.9856644,41584,26957,14627,9384,12084,15147,4824,4,30620,339,12575,22983,2014,8
B,The Surrey Hotel,40.774287,-73.96397,19587,14255,5332,4480,6800,6827,1410,4,12813,308,6394,11335,2014,8
C,Statue of Liberty,40.6892494,-74.0445004,26458,16465,9993,9620,8067,5378,3287,3,5911,646,5646,14177,2014,8
C,107th Infantry Memorial,40.769249,-73.9694586,1559,1108,450,430,637,429,60,0,1180,19,541,911,2014,8
D,Coney Island Beach,40.5749261,-73.9859414,818,433,385,132,259,278,135,0,17,761,99,437,2014,8
B,The Peninsula Hotel,40.761719,-73.975259,12587,9611,2976,4594,3713,3119,1044,0,8955,334,4988,7372,2014,8
C,911 Memorial,40.7115405,-74.0132725,57209,40245,16964,20759,17331,12983,5780,4,16495,1992,16553,32002,2014,8
D,Rockaway beach and Boardwalk,40.5863767,-73.8004768,241,163,78,26,31,86,87,0,6,226,30,131,2014,8
F,Regal Cinemas Battery Park,40.71499216,-74.01525132,29185,20034,9151,7576,7297,11171,3028,4,9920,1514,11951,17136,2014,8
C,Grants Tomb,40.8134045,-73.9630671,1785,1115,669,272,422,682,401,0,469,157,510,1050,2014,8
F,Sunshine Cinema,40.723024,-73.989961,8687,4126,4561,530,1298,3367,3469,8,5157,150,3833,4943,2014,8
C,Grand Army Plaza,40.764591,-73.9736523,30191,20731,9460,9161,11535,7678,1681,2,22165,492,10175,17069,2014,8
F,Broadway Theater,40.763417,-73.983394,11879,8133,3746,2404,2819,4587,2004,4,7502,822,3570,6485,2014,8
C,Washington Square Arch,40.7314658,-73.9970956,31167,20160,11007,6422,8809,12016,3847,4,18200,795,11395,17706,2014,8
F,AMC Lowes Lincoln Square,40.774866,-73.981646,11716,7424,4292,2010,3881,4881,877,0,8269,196,4860,6886,2014,8
C,Columbus Circle Fountain,40.767885,-73.982622,29436,20010,9426,7361,9665,10069,2192,1,20212,428,11647,17166,2014,8
A,Central Park,40.7711329,-73.9741874,929560,687675,241884,229318,281103,324041,90042,20725,595944,18594,393587,550870,2014,9
F,Sunshine Cinema,40.723024,-73.989961,8865,4503,4362,481,1425,3868,3075,234,5129,216,4375,5079,2014,9
D,Fort Tilden Beach,40.564254,-73.883913,10,5,5,6,0,4,0,0,0,10,3,7,2014,9
F,Broadway Theater,40.763417,-73.983394,10829,8045,2784,2550,2266,4360,1594,211,6807,793,3997,6287,2014,9
E,Broadway and Shubert Alley,40.7578253,-73.9871766,16726,11909,4817,2863,3963,7361,2362,619,10851,865,5270,9222,2014,9
E,Empire State Building,40.7484405,-73.9856644,32263,21947,10316,8600,8493,10944,4080,1091,23243,332,11218,18166,2014,9
F,AMC Lowes Lincoln Square,40.774866,-73.981646,11704,8219,3485,2404,3832,4588,800,329,8182,155,5382,7143,2014,9
D,Coney Island Beach,40.5749261,-73.9859414,545,334,210,85,163,177,113,18,9,510,71,316,2014,9
E,Rockefeller Center,40.7587402,-73.9786736,24283,18951,5332,10952,7921,4473,658,702,17530,352,10690,14410,2014,9
D,Rockaway beach and Boardwalk,40.5863767,-73.8004768,191,134,57,21,38,76,53,9,3,183,23,107,2014,9
A,Bryant Park,40.7535965,-73.9832326,45924,36963,8961,20323,12381,9605,3175,692,30682,1145,24320,27744,2014,9
A,Riverside Park,40.8012339,-73.9723096,301259,218277,82982,51474,80649,125024,42975,6830,149148,6097,119687,179417,2014,9
E,Times Square,40.759011,-73.9844722,22832,16486,6346,5799,5496,7705,3567,796,13960,2388,7776,12977,2014,9
B,Mandarin Oriental,40.768971,-73.983044,16234,11854,4380,4022,3855,6142,2106,349,10377,515,7875,9798,2014,9
C,Ricahrd Morris Hunt Memorial,40.7714825,-73.9677474,1348,1051,296,409,602,304,32,14,988,15,460,781,2014,9
A,Coney Island,40.5749261,-73.9859414,545,334,210,85,163,177,113,18,9,510,71,316,2014,9
A,State of liberty National Monument,40.6892494,-74.0445004,20333,13651,6682,6975,5505,4788,2963,688,4995,616,5415,11400,2014,9
B,The Greenwich Hotel,40.719846,-74.009893,15144,10331,4813,2748,3333,7432,1570,339,6692,218,6720,8824,2014,9
E,Museum of National History,40.7813241,-73.9739882,10907,7548,3358,3491,4756,2307,343,472,6555,72,3267,6014,2014,9
C,107th Infantry Memorial,40.769249,-73.9694586,2338,1757,581,757,816,679,77,31,1912,21,1030,1431,2014,9
B,Trump SoHo Hotel,40.725469,-74.005333,9041,6406,2635,1780,2240,2898,2081,245,4762,680,3592,5274,2014,9
B,The Mark Hotel,40.775274,-73.963405,15245,11630,3615,4014,4586,5499,1070,368,10936,131,6224,9204,2014,9
C,911 Memorial,40.7115405,-74.0132725,57289,43176,14113,22155,15605,13250,5860,1393,16636,2341,18765,32785,2014,9
E,Metropolitan Museum of Art,40.7791865,-73.9635348,11657,8400,3256,4388,4636,2365,255,369,6512,47,3478,6601,2014,9
C,Grants Tomb,40.8134045,-73.9630671,1812,1083,729,318,461,636,389,48,548,69,604,1097,2014,9
B,The Pierre Hotel,40.765247,-73.971998,5244,3905,1339,1612,1682,1646,257,123,3792,120,2386,3095,2014,9
A,Rockaway Beach and Boardwalk,40.5863767,-73.8004768,191,134,57,21,38,76,53,9,3,183,23,107,2014,9
C,Grand Army Plaza,40.764591,-73.9736523,28699,21258,7440,9707,9557,7250,1951,867,21417,549,12372,16871,2014,9
B,Gramercy Park Hotel,40.738524,-73.985742,13169,9308,3861,1823,2431,5922,2965,271,9089,400,6231,7829,2014,9
A,Prospect Park,40.6602037,-73.9689558,31370,19929,11441,3112,3668,10807,13251,1143,3722,6115,11028,18589,2014,9
C,Washington Square Arch,40.7314658,-73.9970956,33943,23460,10483,7574,9737,12642,3922,738,20696,868,15275,20068,2014,9
B,Four Seasons Hotel,40.762347,-73.971312,24783,19587,5196,9745,6656,6013,2153,361,17752,413,12237,14975,2014,9
B,The Surrey Hotel,40.774287,-73.96397,22567,17099,5468,5747,7418,7794,1545,419,15565,252,8970,13354,2014,9
C,Columbus Circle Fountain,40.767885,-73.982622,30618,22110,8508,8263,9065,10911,2175,848,20832,552,13820,18203,2014,9
D,Orchard Beach,40.8629619,-73.7926456,1,0,1,0,1,0,0,0,0,1,0,1,2014,9
C,Statue of Liberty,40.6892494,-74.0445004,20333,13651,6682,6975,5505,4788,2963,688,4995,616,5415,11400,2014,9
B,The Peninsula Hotel,40.761719,-73.975259,13187,10517,2670,5530,3409,3319,823,248,9382,334,6358,7882,2014,9
D,Long Beach,40.5884373,-73.657908,50,41,9,2,6,29,13,3,3,44,14,28,2014,9
B,The Plaza,40.764464,-73.974489,12182,9328,2854,3913,3891,3319,1017,296,8438,323,5121,7135,2014,9
F,Regal Cinemas Battery Park,40.71499216,-74.01525132,28640,21785,6855,8903,7159,9668,2802,653,8911,1820,12560,17326,2014,9
A,Battery Park,40.7032775,-74.0170279,20333,13651,6682,6975,5505,4788,2963,688,4995,616,5415,11400,2014,9
