B,Trump SoHo Hotel,40.725469,-74.005333,7081,4687,2394,1080,1872,2888,1202,395,3907,391,3062,4150,2015,1
E,Rockefeller Center,40.7587402,-73.9786736,27436,18938,8498,10499,11736,4145,753,1761,20556,257,11891,16065,2015,1
C,Washington Square Arch,40.7314658,-73.9970956,24587,16259,8328,5551,6502,9445,3030,1255,14736,629,11739,14439,2015,1
B,The Mark Hotel,40.775274,-73.963405,15150,10891,4258,4042,5409,4743,864,717,11415,133,6612,9153,2015,1
E,Times Square,40.759011,-73.9844722,23552,14953,8599,4705,7478,7827,3322,1093,15540,1833,8573,13235,2015,1
C,Columbus Circle Fountain,40.767885,-73.982622,27537,18580,8957,6946,9116,9379,1905,1621,19700,359,12985,16361,2015,1
A,Central Park,40.7711329,-73.9741874,886682,623445,263236,216421,285965,298792,81386,50131,586600,15391,390781,523652,2015,1
E,Broadway and Shubert Alley,40.7578253,-73.9871766,16960,10275,6685,2630,5076,7573,1612,1142,11978,526,5741,9428,2015,1
B,The Pierre Hotel,40.765247,-73.971998,4668,3419,1248,1280,1830,1277,238,313,3439,109,2061,2792,2015,1
A,Rockaway Beach and Boardwalk,40.5863767,-73.8004768,134,84,50,20,24,31,51,8,4,118,21,87,2015,1
B,Gramercy Park Hotel,40.738524,-73.985742,12860,8393,4467,1362,2554,5822,3083,715,9046,276,6487,7448,2015,1
E,Empire State Building,40.7484405,-73.9856644,28865,19282,9583,7183,9708,8643,3196,2599,21332,246,11065,16125,2015,1
D,Coney Island Beach,40.5749261,-73.9859414,452,298,154,49,112,153,124,51,5,424,50,250,2015,1
B,Four Seasons Hotel,40.762347,-73.971312,22385,17639,4746,9369,6200,4662,1994,1045,16308,295,10856,13226,2015,1
D,Rockaway beach and Boardwalk,40.5863767,-73.8004768,134,84,50,20,24,31,51,8,4,118,21,87,2015,1
B,The Surrey Hotel,40.774287,-73.96397,18859,13898,4961,4770,6761,6208,1052,888,13994,213,7983,11211,2015,1
A,Battery Park,40.7032775,-74.0170279,15380,10633,4746,5051,4251,3531,2435,1374,4215,407,4679,8776,2015,1
C,Statue of Liberty,40.6892494,-74.0445004,15380,10633,4746,5051,4251,3531,2435,1374,4215,407,4679,8776,2015,1
D,Fort Tilden Beach,40.564254,-73.883913,13,6,7,3,0,2,8,0,0,13,3,8,2015,1
B,The Plaza,40.764464,-73.974489,12214,8306,3908,3686,4408,3222,851,811,8846,214,5029,6965,2015,1
B,The Peninsula Hotel,40.761719,-73.975259,12162,8926,3236,4706,3996,2532,780,696,9011,203,5765,7239,2015,1
A,Bryant Park,40.7535965,-73.9832326,39873,31913,7960,17601,11329,8062,2528,1807,27639,784,20843,23628,2015,1
E,Museum of National History,40.7813241,-73.9739882,15008,8428,6580,5019,7742,1908,329,1294,8926,72,4531,8024,2015,1
E,Metropolitan Museum of Art,40.7791865,-73.9635348,15390,8913,6477,5109,7600,2405,257,716,8796,47,4952,8665,2015,1
A,Riverside Park,40.8012339,-73.9723096,295294,209348,85946,47983,80750,123426,41923,17523,153683,6709,124768,174464,2015,1
C,Literary Walk,40.7723522,-73.9715901,1,1,0,1,0,0,0,0,0,0,1,1,2015,1
A,Coney Island,40.5749261,-73.9859414,452,298,154,49,112,153,124,51,5,424,50,250,2015,1
C,Ricahrd Morris Hunt Memorial,40.7714825,-73.9677474,1331,837,494,448,655,203,22,36,986,9,448,772,2015,1
C,107th Infantry Memorial,40.769249,-73.9694586,1721,1298,422,492,647,512,66,82,1422,8,668,994,2015,1
A,State of liberty National Monument,40.6892494,-74.0445004,15380,10633,4746,5051,4251,3531,2435,1374,4215,407,4679,8776,2015,1
F,Regal Cinemas Battery Park,40.71499216,-74.01525132,26582,19133,7449,8316,7570,8362,2212,1605,9952,1309,12417,15825,2015,1
C,911 Memorial,40.7115405,-74.0132725,49149,35949,13200,19510,14518,10029,4670,3159,16401,1504,17685,28167,2015,1
F,Sunshine Cinema,40.723024,-73.989961,8427,4140,4287,440,1737,3789,2437,521,5499,152,4405,4805,2015,1
B,Mandarin Oriental,40.768971,-73.983044,14628,10251,4376,3178,4187,5396,1763,752,9779,399,7315,8728,2015,1
C,Grants Tomb,40.8134045,-73.9630671,1530,1012,518,257,334,585,343,81,470,94,569,904,2015,1
F,Broadway Theater,40.763417,-73.983394,11340,7629,3711,2382,2889,4164,1847,517,7324,674,3987,6430,2015,1
B,The Greenwich Hotel,40.719846,-74.009893,20708,14673,6035,5725,4908,8021,1924,1051,10249,281,10441,12260,2015,1
A,Prospect Park,40.6602037,-73.9689558,26089,16716,9373,1958,2744,9468,11545,2037,2667,5461,9344,15413,2015,1
D,Long Beach,40.5884373,-73.657908,38,31,7,4,13,7,14,1,1,37,13,23,2015,1
F,AMC Lowes Lincoln Square,40.774866,-73.981646,17647,10603,7044,3217,6397,7211,753,1406,12992,128,8471,10440,2015,1
C,Grand Army Plaza,40.764591,-73.9736523,30772,20752,10020,9750,12357,7108,1407,2100,23663,354,13201,17969,2015,1
B,Trump SoHo Hotel,40.725469,-74.005333,7322,4990,2332,1393,1572,2606,1726,175,3894,620,3820,4353,2015,10
E,Rockefeller Center,40.7587402,-73.9786736,23023,16578,6445,10162,7184,4795,530,358,16405,483,11763,13683,2015,10
C,Washington Square Arch,40.7314658,-73.9970956,31630,21131,10499,7698,8739,11001,4106,802,19294,856,16471,18765,2015,10
B,The Mark Hotel,40.775274,-73.963405,14644,10673,3971,3651,4553,5454,921,375,10889,169,6930,8759,2015,10
E,Times Square,40.759011,-73.9844722,16470,11727,4743,3688,4017,5666,2853,613,9871,2124,6941,9323,2015,10
C,Columbus Circle Fountain,40.767885,-73.982622,28303,19572,8730,7637,9234,9151,2077,808,19971,571,14850,16884,2015,10
A,Central Park,40.7711329,-73.9741874,896093,634196,261897,225759,277777,303552,85114,22909,586292,21182,444163,531390,2015,10
A,Rockaway Beach and Boardwalk,40.5863767,-73.8004768,177,127,50,24,30,55,64,4,2,171,40,103,2015,10
B,The Pierre Hotel,40.765247,-73.971998,5202,3748,1453,1359,1709,1837,254,114,3821,150,2728,3068,2015,10
E,Broadway and Shubert Alley,40.7578253,-73.9871766,15338,10093,5245,2175,4267,6897,1829,455,9694,1022,5748,8411,2015,10
B,Gramercy Park Hotel,40.738524,-73.985742,12707,8690,4017,1640,2086,6190,2766,270,8815,338,7247,7541,2015,10
E,Empire State Building,40.7484405,-73.9856644,28010,18555,9455,7710,7287,9806,3081,785,20161,358,12743,16047,2015,10
D,Coney Island Beach,40.5749261,-73.9859414,469,298,170,60,114,165,115,20,14,438,73,296,2015,10
B,Four Seasons Hotel,40.762347,-73.971312,22138,17405,4733,8660,5974,5688,1677,713,16031,398,11867,13104,2015,10
D,Rockaway beach and Boardwalk,40.5863767,-73.8004768,177,127,50,24,30,55,64,4,2,171,40,103,2015,10
B,The Surrey Hotel,40.774287,-73.96397,19120,13912,5208,4681,6028,7180,1192,478,14012,261,9096,11544,2015,10
A,Battery Park,40.7032775,-74.0170279,18806,11749,7057,7161,5136,4055,2357,571,4861,619,5961,10626,2015,10
C,Statue of Liberty,40.6892494,-74.0445004,18806,11749,7057,7161,5136,4055,2357,571,4861,619,5961,10626,2015,10
D,Fort Tilden Beach,40.564254,-73.883913,19,8,11,1,3,6,9,0,0,18,2,12,2015,10
B,The Plaza,40.764464,-73.974489,11767,8381,3385,3353,3895,3370,1108,283,8430,379,5420,6828,2015,10
B,The Peninsula Hotel,40.761719,-73.975259,11916,8866,3050,4125,3070,3761,807,208,8692,365,6625,7150,2015,10
A,Bryant Park,40.7535965,-73.9832326,37712,29667,8045,15923,11035,7889,2436,1242,25586,1249,22662,22534,2015,10
E,Museum of National History,40.7813241,-73.9739882,12594,7709,4885,4297,5664,2339,282,352,7800,80,4678,6913,2015,10
E,Metropolitan Museum of Art,40.7791865,-73.9635348,13749,9181,4567,4726,5858,2875,275,332,7965,53,4899,7696,2015,10
A,Riverside Park,40.8012339,-73.9723096,295142,207909,87232,51525,76082,124785,41707,7718,151863,6791,141517,176333,2015,10
A,Coney Island,40.5749261,-73.9859414,469,298,170,60,114,165,115,20,14,438,73,296,2015,10
C,Ricahrd Morris Hunt Memorial,40.7714825,-73.9677474,1223,880,343,414,509,269,29,12,940,10,591,717,2015,10
F,Regal Cinemas Battery Park,40.71499216,-74.01525132,31495,22047,9448,9737,9064,9727,2852,1012,9967,1955,14627,18407,2015,10
A,State of liberty National Monument,40.6892494,-74.0445004,18806,11749,7057,7161,5136,4055,2357,571,4861,619,5961,10626,2015,10
C,107th Infantry Memorial,40.769249,-73.9694586,1958,1502,455,598,681,579,95,23,1567,19,923,1141,2015,10
C,911 Memorial,40.7115405,-74.0132725,67531,46769,20762,27410,20832,12344,6567,2081,20707,2548,24346,38747,2015,10
F,Sunshine Cinema,40.723024,-73.989961,8231,3871,4360,508,1292,3271,3151,87,5207,202,4756,4749,2015,10
B,Mandarin Oriental,40.768971,-73.983044,14778,10217,4561,3528,3529,5741,1842,364,9984,500,8128,9011,2015,10
F,Broadway Theater,40.763417,-73.983394,8897,6106,2791,1732,2501,3077,1545,242,5626,875,3735,5099,2015,10
C,Grants Tomb,40.8134045,-73.9630671,1700,1087,612,278,391,683,341,40,538,60,712,980,2015,10
B,The Greenwich Hotel,40.719846,-74.009893,22685,16281,6404,6871,4824,8669,2137,592,10597,374,12258,13646,2015,10
A,Prospect Park,40.6602037,-73.9689558,26600,16703,9897,2617,2954,9067,11553,708,2601,6207,9983,15829,2015,10
D,Long Beach,40.5884373,-73.657908,44,33,11,12,16,7,8,0,1,43,13,24,2015,10
F,AMC Lowes Lincoln Square,40.774866,-73.981646,14187,8610,5577,2803,4963,5544,816,361,10399,163,7844,8498,2015,10
C,Grand Army Plaza,40.764591,-73.9736523,24774,17559,7215,8041,8345,6659,1554,454,18798,513,12301,14525,2015,10
B,Mandarin Oriental,40.768971,-73.983044,12979,9117,3862,2956,3451,4875,1556,759,8683,443,7246,7848,2015,11
C,Literary Walk,40.7723522,-73.9715901,1,1,0,0,0,1,0,0,1,0,0,0,2015,11
A,Central Park,40.7711329,-73.9741874,826303,585872,240431,208319,256839,280617,76179,46952,546400,18192,419331,491479,2015,11
C,Ricahrd Morris Hunt Memorial,40.7714825,-73.9677474,1198,847,351,397,565,207,26,67,914,14,508,673,2015,11
B,The Greenwich Hotel,40.719846,-74.009893,21063,14788,6275,5998,4685,8349,1909,1019,9884,350,11087,12548,2015,11
E,Museum of National History,40.7813241,-73.9739882,11790,7577,4213,4022,5110,2379,271,376,7404,67,4749,6485,2015,11
B,Trump SoHo Hotel,40.725469,-74.005333,6332,4301,2031,1047,1479,2501,1283,348,3323,473,3080,3693,2015,11
C,107th Infantry Memorial,40.769249,-73.9694586,2260,1618,641,704,807,655,86,197,1862,13,1071,1291,2015,11
A,Prospect Park,40.6602037,-73.9689558,23225,14790,8435,1937,2591,8433,9986,1424,2087,5897,8888,13935,2015,11
A,Coney Island,40.5749261,-73.9859414,375,230,144,61,76,103,128,27,8,355,56,231,2015,11
B,The Mark Hotel,40.775274,-73.963405,14585,10608,3977,3332,4887,5299,997,859,10988,169,6859,8702,2015,11
C,911 Memorial,40.7115405,-74.0132725,59785,40763,19022,23849,18817,10643,6132,3119,17749,2181,21599,34431,2015,11
E,Metropolitan Museum of Art,40.7791865,-73.9635348,12110,7712,4397,4078,5474,2271,269,418,7120,40,4691,6882,2015,11
B,The Pierre Hotel,40.765247,-73.971998,5413,3728,1685,1433,2132,1536,279,442,3993,145,2718,3169,2015,11
A,State of liberty National Monument,40.6892494,-74.0445004,16387,9939,6447,6320,4260,3441,2179,901,4143,469,5137,9342,2015,11
C,Grants Tomb,40.8134045,-73.9630671,1445,940,504,204,361,575,297,67,432,73,584,839,2015,11
C,Grand Army Plaza,40.764591,-73.9736523,24934,17575,7359,8019,9161,6206,1410,1652,18987,517,12691,14515,2015,11
B,Gramercy Park Hotel,40.738524,-73.985742,11667,7661,4006,1170,2376,5502,2593,650,8049,293,6725,6897,2015,11
A,Bryant Park,40.7535965,-73.9832326,38690,28661,10029,15586,11304,8668,2665,1898,26424,982,22313,22971,2015,11
B,Four Seasons Hotel,40.762347,-73.971312,18987,14810,4177,7401,5448,4565,1450,1019,13784,369,10829,11408,2015,11
A,Riverside Park,40.8012339,-73.9723096,277627,193490,84136,46788,74160,115777,39835,16906,142167,6461,133147,166273,2015,11
C,Washington Square Arch,40.7314658,-73.9970956,28097,18609,9488,6272,8116,9961,3662,1319,17091,917,15092,16661,2015,11
B,The Surrey Hotel,40.774287,-73.96397,18643,13696,4947,4106,6161,7166,1147,1016,13700,252,9142,11272,2015,11
A,Battery Park,40.7032775,-74.0170279,16387,9939,6447,6320,4260,3441,2179,901,4143,468,5137,9342,2015,11
C,Columbus Circle Fountain,40.767885,-73.982622,25720,17554,8165,6782,8486,8264,1961,1346,18171,452,13470,15251,2015,11
B,The Plaza,40.764464,-73.974489,11930,8441,3489,3325,4060,3537,977,538,8619,353,5745,6930,2015,11
C,Statue of Liberty,40.6892494,-74.0445004,16387,9939,6447,6320,4260,3441,2179,901,4143,469,5137,9342,2015,11
A,Rockaway Beach and Boardwalk,40.5863767,-73.8004768,163,105,57,21,34,53,54,10,3,145,39,91,2015,11
D,Long Beach,40.5884373,-73.657908,36,31,5,8,2,13,11,3,0,34,21,23,2015,11
B,The Peninsula Hotel,40.761719,-73.975259,11234,8218,3016,3664,3576,3179,704,605,8285,226,6360,6671,2015,11
F,Regal Cinemas Battery Park,40.71499216,-74.01525132,29390,20348,9042,8396,8723,9520,2625,1471,9788,1890,13538,17130,2015,11
F,Sunshine Cinema,40.723024,-73.989961,6585,3225,3360,478,1005,2588,2498,247,4116,158,3729,3676,2015,11
D,Fort Tilden Beach,40.564254,-73.883913,23,4,19,2,4,8,9,0,0,23,3,14,2015,11
F,Broadway Theater,40.763417,-73.983394,8729,5814,2915,1794,2122,3160,1625,545,5551,728,3793,5038,2015,11
E,Broadway and Shubert Alley,40.7578253,-73.9871766,14343,9516,4827,2248,4722,5429,1840,905,9251,827,5758,7895,2015,11
E,Empire State Building,40.7484405,-73.9856644,26329,16914,9415,5907,8476,8758,3078,1565,19115,338,11511,14684,2015,11
F,AMC Lowes Lincoln Square,40.774866,-73.981646,14848,8818,6030,2823,5293,5753,921,910,10794,151,8201,8720,2015,11
D,Coney Island Beach,40.5749261,-73.9859414,375,230,144,61,76,103,128,27,8,355,56,231,2015,11
E,Rockefeller Center,40.7587402,-73.9786736,24489,16490,7999,8916,9328,5218,600,1011,17683,454,12139,14244,2015,11
E,Times Square,40.759011,-73.9844722,14753,10216,4537,2574,4302,4959,2671,966,9160,1829,6267,8368,2015,11
D,Rockaway beach and Boardwalk,40.5863767,-73.8004768,163,105,57,21,34,53,54,10,3,145,39,91,2015,11
C,Literary Walk,40.7723522,-73.9715901,2,0,2,0,2,0,0,0,2,0,0,1,2015,12
A,Central Park,40.7711329,-73.9741874,847154,628443,218711,208538,266763,285646,82434,15223,565174,18556,421473,499811,2015,12
B,Mandarin Oriental,40.768971,-73.983044,13151,9771,3379,2798,3572,4877,1795,264,8854,458,7238,7947,2015,12
B,The Greenwich Hotel,40.719846,-74.009893,20865,15854,5011,6132,4434,8303,1883,167,9842,291,11166,12525,2015,12
C,Ricahrd Morris Hunt Memorial,40.7714825,-73.9677474,1177,873,304,381,544,208,40,8,876,9,451,671,2015,12
E,Museum of National History,40.7813241,-73.9739882,14546,9881,4665,5644,6881,1706,309,97,8866,77,4870,7663,2015,12
C,107th Infantry Memorial,40.769249,-73.9694586,2035,1542,493,599,681,635,118,36,1637,19,931,1173,2015,12
B,Trump SoHo Hotel,40.725469,-74.005333,6682,4871,1811,1072,1548,2735,1310,136,3438,558,3152,3873,2015,12
A,Prospect Park,40.6602037,-73.9689558,24278,16972,7306,2019,2557,8574,10813,447,2198,6206,9164,14461,2015,12
A,Coney Island,40.5749261,-73.9859414,494,335,158,66,102,162,151,16,12,461,71,279,2015,12
C,911 Memorial,40.7115405,-74.0132725,68885,49693,19192,28648,21779,12086,6028,1487,19468,2160,23032,38761,2015,12
B,The Mark Hotel,40.775274,-73.963405,14174,10537,3637,3416,4815,4948,924,275,10750,187,6863,8460,2015,12
E,Metropolitan Museum of Art,40.7791865,-73.9635348,14009,9954,4054,5078,6538,2148,238,93,7949,53,4915,7760,2015,12
B,The Pierre Hotel,40.765247,-73.971998,5411,3924,1487,1361,2126,1583,312,132,4099,125,2766,3166,2015,12
A,State of liberty National Monument,40.6892494,-74.0445004,17529,12063,5466,6985,4648,3556,2263,322,4328,501,4994,9735,2015,12
C,Grants Tomb,40.8134045,-73.9630671,1520,1079,441,211,380,591,325,36,516,73,663,884,2015,12
A,Bryant Park,40.7535965,-73.9832326,41753,31508,10245,16068,13237,9800,2369,912,28611,778,22666,24321,2015,12
B,Gramercy Park Hotel,40.738524,-73.985742,11809,8331,3478,1347,2460,5317,2663,238,8286,271,6638,6810,2015,12
C,Grand Army Plaza,40.764591,-73.9736523,27116,19383,7732,8397,10557,6595,1424,655,21020,444,13770,15621,2015,12
B,Four Seasons Hotel,40.762347,-73.971312,19287,15085,4202,7558,5439,4534,1643,240,14109,377,10806,11419,2015,12
A,Riverside Park,40.8012339,-73.9723096,275869,205583,70286,43258,73234,117323,41076,5553,144250,6178,131542,164353,2015,12
C,Washington Square Arch,40.7314658,-73.9970956,23832,16711,7121,5157,7175,8256,3196,320,14776,689,12269,14025,2015,12
B,The Surrey Hotel,40.774287,-73.96397,18513,13917,4595,4115,6435,6571,1336,297,13880,204,9145,11025,2015,12
C,Columbus Circle Fountain,40.767885,-73.982622,28562,20559,8003,7830,9526,9138,1897,430,20531,472,14986,16862,2015,12
A,Battery Park,40.7032775,-74.0170279,17529,12063,5466,6985,4648,3556,2263,322,4328,501,4994,9735,2015,12
B,The Plaza,40.764464,-73.974489,12968,9217,3750,3708,4755,3532,939,372,9499,398,5968,7333,2015,12
C,Statue of Liberty,40.6892494,-74.0445004,17529,12063,5466,6985,4648,3556,2263,322,4328,501,4994,9735,2015,12
D,Long Beach,40.5884373,-73.657908,18,15,3,1,5,10,2,1,2,16,3,13,2015,12
B,The Peninsula Hotel,40.761719,-73.975259,11343,8595,2748,3893,3552,2985,807,181,8585,263,6369,6666,2015,12
A,Rockaway Beach and Boardwalk,40.5863767,-73.8004768,179,136,43,23,26,60,63,6,2,173,38,106,2015,12
F,Regal Cinemas Battery Park,40.71499216,-74.01525132,32035,23288,8747,9198,9812,10268,2660,703,11139,1597,14292,18286,2015,12
F,Sunshine Cinema,40.723024,-73.989961,4497,2810,1687,366,812,1871,1432,95,2761,140,2545,2668,2015,12
D,Fort Tilden Beach,40.564254,-73.883913,17,6,11,0,0,7,10,1,0,17,2,8,2015,12
F,Broadway Theater,40.763417,-73.983394,9082,6644,2438,2024,2161,3366,1486,150,5958,824,3973,5139,2015,12
E,Broadway and Shubert Alley,40.7578253,-73.9871766,14014,10011,4003,2417,4401,5394,1721,485,9448,892,5739,7632,2015,12
E,Empire State Building,40.7484405,-73.9856644,28906,20031,8875,8132,10044,7927,2678,766,21008,309,11844,16076,2015,12
F,AMC Lowes Lincoln Square,40.774866,-73.981646,17104,11556,5548,3181,5900,6733,1134,724,12737,176,9158,10066,2015,12
D,Coney Island Beach,40.5749261,-73.9859414,494,335,158,66,102,162,151,16,12,461,71,279,2015,12
E,Rockefeller Center,40.7587402,-73.9786736,24398,18255,6143,10762,8123,3828,1292,443,18217,407,11245,13744,2015,12
D,Rockaway beach and Boardwalk,40.5863767,-73.8004768,179,136,43,23,26,60,63,6,2,173,38,106,2015,12
E,Times Square,40.759011,-73.9844722,15691,11665,4026,3357,5052,4845,2321,415,9637,2067,6388,8572,2015,12
B,Trump SoHo Hotel,40.725469,-74.005333,7000,4774,2226,1149,1832,2557,1422,246,4003,436,3567,4074,2015,2
C,Washington Square Arch,40.7314658,-73.9970956,26678,18823,7855,6443,7505,9870,2802,630,16963,684,14428,15855,2015,2
E,Rockefeller Center,40.7587402,-73.9786736,24480,17810,6670,10594,9703,3481,458,1211,18237,290,12246,14378,2015,2
B,The Mark Hotel,40.775274,-73.963405,14583,10546,4037,4014,4937,4693,860,519,10811,106,6997,8691,2015,2
E,Times Square,40.759011,-73.9844722,21984,15295,6689,4681,5938,7711,3492,1043,14245,1581,9297,12529,2015,2
C,Columbus Circle Fountain,40.767885,-73.982622,26812,18766,8046,6888,8443,9471,1807,1009,18912,315,13907,16002,2015,2
A,Central Park,40.7711329,-73.9741874,833191,600331,232860,205178,259800,286885,77467,28488,546377,14816,400264,494229,2015,2
A,Rockaway Beach and Boardwalk,40.5863767,-73.8004768,145,100,44,15,24,52,47,7,2,137,18,83,2015,2
B,The Pierre Hotel,40.765247,-73.971998,4313,3198,1115,1205,1458,1435,193,115,3227,104,2211,2570,2015,2
E,Broadway and Shubert Alley,40.7578253,-73.9871766,14790,9742,5048,2417,4230,6620,1428,788,10435,606,5829,8274,2015,2
B,Gramercy Park Hotel,40.738524,-73.985742,11805,8184,3621,1434,2366,5529,2443,344,8300,261,6702,6979,2015,2
E,Empire State Building,40.7484405,-73.9856644,26196,18031,8165,7403,8387,7687,2612,1047,19574,265,11620,14999,2015,2
D,Coney Island Beach,40.5749261,-73.9859414,373,236,137,37,83,130,110,11,9,351,57,217,2015,2
B,Four Seasons Hotel,40.762347,-73.971312,21951,17209,4742,8878,6399,4489,2037,591,16075,345,11972,13192,2015,2
D,Rockaway beach and Boardwalk,40.5863767,-73.8004768,145,100,44,15,24,52,47,7,2,137,18,83,2015,2
B,The Surrey Hotel,40.774287,-73.96397,17622,13169,4453,4548,5919,6037,1048,620,12865,188,8148,10376,2015,2
A,Battery Park,40.7032775,-74.0170279,14101,9686,4415,4783,3503,3402,2307,502,4097,498,4865,8123,2015,2
C,Statue of Liberty,40.6892494,-74.0445004,14101,9686,4415,4783,3503,3402,2307,501,4097,498,4865,8123,2015,2
D,Fort Tilden Beach,40.564254,-73.883913,20,11,9,4,11,4,1,0,0,19,3,12,2015,2
B,The Plaza,40.764464,-73.974489,10727,7565,3161,3238,3938,2710,794,435,7794,202,5072,6292,2015,2
B,The Peninsula Hotel,40.761719,-73.975259,11908,8918,2990,4743,3503,2783,781,376,8667,231,6433,7198,2015,2
A,Bryant Park,40.7535965,-73.9832326,39773,32524,7249,18769,10863,7437,2303,1071,27816,933,23256,23825,2015,2
E,Museum of National History,40.7813241,-73.9739882,13090,7960,5130,4694,6255,1830,299,795,8199,67,4514,7060,2015,2
E,Metropolitan Museum of Art,40.7791865,-73.9635348,13315,8513,4802,4791,6036,2263,208,705,7501,52,4709,7424,2015,2
A,Riverside Park,40.8012339,-73.9723096,293816,212506,81309,48292,77317,125432,41815,9181,152069,5079,133950,175020,2015,2
C,Literary Walk,40.7723522,-73.9715901,0,0,0,0,0,0,0,0,0,0,0,0,2015,2
A,Coney Island,40.5749261,-73.9859414,373,236,137,37,83,130,110,11,9,351,57,217,2015,2
C,Ricahrd Morris Hunt Memorial,40.7714825,-73.9677474,1031,708,323,338,478,187,26,24,732,11,389,595,2015,2
F,Regal Cinemas Battery Park,40.71499216,-74.01525132,27207,20091,7116,8692,7604,8560,2195,779,10039,1480,13819,16313,2015,2
A,State of liberty National Monument,40.6892494,-74.0445004,14101,9686,4415,4783,3503,3402,2307,501,4097,498,4865,8123,2015,2
C,107th Infantry Memorial,40.769249,-73.9694586,1572,1210,362,542,512,440,72,42,1247,15,733,940,2015,2
C,911 Memorial,40.7115405,-74.0132725,47670,36063,11607,19140,12966,10339,4890,1422,16469,1775,20039,27947,2015,2
F,Sunshine Cinema,40.723024,-73.989961,8890,4528,4362,438,1668,4057,2704,301,5673,162,4984,5076,2015,2
B,Mandarin Oriental,40.768971,-73.983044,14712,10555,4157,3337,4025,5421,1817,379,9870,379,7944,8856,2015,2
C,Grants Tomb,40.8134045,-73.9630671,1572,1021,550,237,357,596,367,41,526,46,657,946,2015,2
F,Broadway Theater,40.763417,-73.983394,8906,6372,2534,2123,2155,3325,1249,331,5845,657,3696,5082,2015,2
D,Orchard Beach,40.8629619,-73.7926456,1,0,1,0,0,1,0,0,0,1,0,1,2015,2
B,The Greenwich Hotel,40.719846,-74.009893,20877,14855,6022,5799,4739,8434,1804,611,10202,322,11380,12393,2015,2
A,Prospect Park,40.6602037,-73.9689558,26756,17708,9048,2074,2764,9882,11757,835,3185,5317,10247,15908,2015,2
D,Long Beach,40.5884373,-73.657908,50,32,18,8,10,18,14,1,1,49,22,26,2015,2
F,AMC Lowes Lincoln Square,40.774866,-73.981646,13211,8315,4896,2391,4742,5322,676,615,9662,115,6851,7897,2015,2
C,Grand Army Plaza,40.764591,-73.9736523,26171,18346,7824,9026,10226,5673,1105,1135,20053,341,12978,15325,2015,2
E,Museum of National History,40.7813241,-73.9739882,14631,8691,5940,4917,7046,2343,317,0,9081,89,5075,7931,2015,3
E,Rockefeller Center,40.7587402,-73.9786736,26307,18073,8234,11132,9297,4928,581,0,19326,338,13118,15457,2015,3
E,Metropolitan Museum of Art,40.7791865,-73.9635348,14322,9030,5292,5367,6068,2615,258,0,7963,40,4848,8045,2015,3
E,Times Square,40.759011,-73.9844722,24061,16567,7494,5181,6072,9356,3215,0,15245,2342,9921,13489,2015,3
A,Coney Island,40.5749261,-73.9859414,463,276,186,56,82,160,143,0,18,433,58,262,2015,3
A,Bryant Park,40.7535965,-73.9832326,42123,34067,8056,20039,11436,7943,2363,0,28827,1056,24838,25294,2015,3
A,Battery Park,40.7032775,-74.0170279,17407,11703,5703,6123,4456,4158,2536,0,4793,570,5580,9868,2015,3
A,Rockaway Beach and Boardwalk,40.5863767,-73.8004768,172,123,49,27,26,47,67,0,0,159,36,104,2015,3
B,Mandarin Oriental,40.768971,-73.983044,15916,11368,4547,3599,4021,6249,1893,0,10373,544,8780,9608,2015,3
D,Fort Tilden Beach,40.564254,-73.883913,31,21,10,3,13,3,7,0,5,26,6,14,2015,3
B,The Greenwich Hotel,40.719846,-74.009893,22480,15432,7048,6339,4599,9423,2001,0,10850,352,12052,13536,2015,3
D,Jacob Riis Park  Beach,40.5650846,-73.8727573,1,1,0,1,0,0,0,0,1,0,0,1,2015,3
B,Trump SoHo Hotel,40.725469,-74.005333,7504,5133,2371,1238,1744,2806,1682,0,3855,529,3547,4437,2015,3
D,Long Beach,40.5884373,-73.657908,35,28,7,3,5,9,18,0,2,29,28,23,2015,3
B,The Mark Hotel,40.775274,-73.963405,15745,11308,4437,4056,5005,5648,967,0,11671,164,7155,9427,2015,3
B,The Pierre Hotel,40.765247,-73.971998,5039,3605,1434,1619,1529,1622,239,0,3718,141,2552,2964,2015,3
A,Central Park,40.7711329,-73.9741874,894343,635113,259229,220320,276329,305502,87750,0,579885,18960,424589,531364,2015,3
A,Prospect Park,40.6602037,-73.9689558,29239,18581,10658,2354,2961,10570,12960,0,3321,6192,11235,17556,2015,3
A,State of liberty National Monument,40.6892494,-74.0445004,17407,11703,5703,6123,4456,4158,2536,0,4793,570,5580,9868,2015,3
A,Riverside Park,40.8012339,-73.9723096,313200,217135,96064,52051,81326,132038,46521,0,160660,7277,140839,186407,2015,3
B,The Plaza,40.764464,-73.974489,11079,7813,3266,3285,3938,2967,843,0,7821,287,4999,6409,2015,3
B,Gramercy Park Hotel,40.738524,-73.985742,12325,8286,4039,1605,2189,6064,2445,0,8572,275,6862,7234,2015,3
C,Literary Walk,40.7723522,-73.9715901,3,3,0,0,0,2,0,0,0,0,0,1,2015,3
E,Broadway and Shubert Alley,40.7578253,-73.9871766,16970,10973,5997,2510,4612,8093,1663,0,11588,799,6585,9359,2015,3
B,Four Seasons Hotel,40.762347,-73.971312,23743,18673,5070,9210,6825,5699,1838,0,17367,447,12428,14158,2015,3
C,Ricahrd Morris Hunt Memorial,40.7714825,-73.9677474,1219,826,393,411,533,250,21,0,916,6,458,691,2015,3
E,Empire State Building,40.7484405,-73.9856644,29361,19711,9650,7786,8268,9818,3328,0,22033,386,12394,16637,2015,3
B,The Surrey Hotel,40.774287,-73.96397,19820,14601,5219,5006,6321,7000,1394,0,14195,265,8949,11738,2015,3
C,Statue of Liberty,40.6892494,-74.0445004,17407,11703,5703,6123,4456,4158,2536,0,4793,570,5580,9868,2015,3
C,107th Infantry Memorial,40.769249,-73.9694586,1841,1430,410,545,685,535,70,0,1482,22,844,1101,2015,3
D,Coney Island Beach,40.5749261,-73.9859414,463,276,186,56,82,160,143,0,18,433,58,262,2015,3
B,The Peninsula Hotel,40.761719,-73.975259,12923,9707,3216,4980,3459,3607,714,0,9252,344,7326,7686,2015,3
C,911 Memorial,40.7115405,-74.0132725,55100,40410,14690,21422,15314,11551,6357,0,18230,2217,22800,32434,2015,3
D,Rockaway beach and Boardwalk,40.5863767,-73.8004768,172,123,49,27,26,47,67,0,0,159,36,104,2015,3
F,Regal Cinemas Battery Park,40.71499216,-74.01525132,29019,22015,7004,10117,7468,8921,2366,0,9956,1727,14791,17472,2015,3
C,Grants Tomb,40.8134045,-73.9630671,1855,1182,672,314,394,704,426,0,599,92,800,1136,2015,3
F,Sunshine Cinema,40.723024,-73.989961,9466,4379,5087,519,1417,4285,3221,0,5787,221,5431,5455,2015,3
C,Grand Army Plaza,40.764591,-73.9736523,26601,18393,8207,9257,9643,6275,1253,0,20327,401,13399,15611,2015,3
F,Broadway Theater,40.763417,-73.983394,10364,7149,3215,2099,2525,4034,1601,0,6531,846,4279,6003,2015,3
C,Washington Square Arch,40.7314658,-73.9970956,29217,20263,8954,6596,8347,10837,3362,0,18021,782,15112,17348,2015,3
F,AMC Lowes Lincoln Square,40.774866,-73.981646,13259,8431,4828,2492,4594,5281,803,0,9682,149,6790,7878,2015,3
C,Columbus Circle Fountain,40.767885,-73.982622,29081,20274,8807,7819,9123,10117,1789,0,20407,451,15349,17467,2015,3
E,Museum of National History,40.7813241,-73.9739882,16607,12157,4450,6639,7257,2392,310,0,9870,79,5222,8857,2015,4
E,Rockefeller Center,40.7587402,-73.9786736,27894,20610,7284,12084,8702,5873,763,0,20060,441,13078,15971,2015,4
E,Metropolitan Museum of Art,40.7791865,-73.9635348,14338,10287,4051,5534,5894,2644,248,0,8108,32,4772,7977,2015,4
E,Times Square,40.759011,-73.9844722,22252,16200,6052,5119,5874,7795,3247,0,13751,2237,8638,12521,2015,4
A,Coney Island,40.5749261,-73.9859414,545,335,210,74,128,186,153,0,9,519,75,307,2015,4
A,Bryant Park,40.7535965,-73.9832326,42396,35083,7313,19306,11755,8113,2836,0,28984,1093,24305,25175,2015,4
A,Battery Park,40.7032775,-74.0170279,19622,13243,6379,7584,5158,4301,2483,0,4772,577,5826,10900,2015,4
A,Rockaway Beach and Boardwalk,40.5863767,-73.8004768,183,143,40,21,29,60,68,0,2,175,30,100,2015,4
B,Mandarin Oriental,40.768971,-73.983044,15693,11643,4050,3771,3995,6095,1697,0,10412,429,8402,9422,2015,4
D,Fort Tilden Beach,40.564254,-73.883913,11,5,6,1,7,0,3,0,0,11,2,7,2015,4
B,The Greenwich Hotel,40.719846,-74.009893,21962,16361,5601,6182,4601,9117,1943,0,10626,397,11833,13069,2015,4
D,Orchard Beach,40.8629619,-73.7926456,3,0,3,3,0,0,0,0,0,0,0,1,2015,4
B,Trump SoHo Hotel,40.725469,-74.005333,8512,5977,2535,1604,1927,3328,1636,0,4301,771,3816,4820,2015,4
D,Long Beach,40.5884373,-73.657908,26,13,13,3,4,13,6,0,5,21,36,16,2015,4
B,The Mark Hotel,40.775274,-73.963405,15568,11851,3717,4157,4705,5645,980,0,11724,165,7216,9320,2015,4
B,The Pierre Hotel,40.765247,-73.971998,5621,3936,1684,1416,1882,2042,253,0,4176,138,2702,3273,2015,4
A,Central Park,40.7711329,-73.9741874,942830,692130,250699,243431,299066,309326,86891,0,611641,18870,442980,558241,2015,4
A,Prospect Park,40.6602037,-73.9689558,30518,19468,11050,2729,4008,10351,13183,0,3172,6529,11341,18146,2015,4
A,State of liberty National Monument,40.6892494,-74.0445004,19622,13243,6379,7584,5158,4301,2483,0,4772,577,5826,10900,2015,4
A,Riverside Park,40.8012339,-73.9723096,317449,229691,87758,55359,83702,131488,45642,0,160787,6481,143143,188735,2015,4
B,The Plaza,40.764464,-73.974489,12275,9040,3235,3726,4189,3473,854,0,8694,311,5500,7117,2015,4
B,Gramercy Park Hotel,40.738524,-73.985742,13314,9453,3861,1747,2233,6656,2658,0,9129,344,7294,7732,2015,4
E,Broadway and Shubert Alley,40.7578253,-73.9871766,15603,10793,4810,2287,4463,6927,1807,0,10499,845,5835,8548,2015,4
B,Four Seasons Hotel,40.762347,-73.971312,23911,19253,4658,9474,6836,5838,1619,0,17292,485,12730,14385,2015,4
C,Ricahrd Morris Hunt Memorial,40.7714825,-73.9677474,1429,1072,357,487,641,270,29,0,1058,7,517,811,2015,4
E,Empire State Building,40.7484405,-73.9856644,30282,20297,9985,8636,7674,10437,3377,0,22251,244,12152,16883,2015,4
B,The Surrey Hotel,40.774287,-73.96397,21500,16652,4848,5415,6782,7905,1293,0,15523,258,9699,12664,2015,4
C,Statue of Liberty,40.6892494,-74.0445004,19622,13243,6378,7584,5159,4301,2483,0,4772,577,5826,10900,2015,4
C,107th Infantry Memorial,40.769249,-73.9694586,2371,1756,614,716,923,656,62,0,1906,30,1139,1415,2015,4
D,Coney Island Beach,40.5749261,-73.9859414,545,335,210,74,128,186,153,0,9,519,75,307,2015,4
B,The Peninsula Hotel,40.761719,-73.975259,12616,9795,2821,4762,3265,3780,683,0,9095,301,6793,7693,2015,4
C,911 Memorial,40.7115405,-74.0132725,59863,45078,14785,23945,16996,11946,6626,0,18464,2317,23184,34603,2015,4
D,Rockaway beach and Boardwalk,40.5863767,-73.8004768,183,143,40,21,29,60,68,0,2,175,30,100,2015,4
F,Regal Cinemas Battery Park,40.71499216,-74.01525132,33914,24879,9035,9997,9003,12096,2638,0,11228,1780,16794,20320,2015,4
C,Grants Tomb,40.8134045,-73.9630671,1876,1172,704,310,455,683,409,0,613,62,787,1131,2015,4
F,Sunshine Cinema,40.723024,-73.989961,8684,4668,4016,580,1250,3775,3049,0,5150,173,4704,4950,2015,4
C,Grand Army Plaza,40.764591,-73.9736523,29177,20919,8257,9719,10409,7580,1327,0,22216,437,13946,16879,2015,4
F,Broadway Theater,40.763417,-73.983394,10750,7678,3072,2111,2666,4028,1881,0,6734,905,4580,6169,2015,4
C,Washington Square Arch,40.7314658,-73.9970956,34987,24605,10382,8443,10407,12237,3821,0,20630,852,17601,20699,2015,4
F,AMC Lowes Lincoln Square,40.774866,-73.981646,12027,8407,3620,2230,3979,4874,881,0,8509,188,6207,7191,2015,4
C,Columbus Circle Fountain,40.767885,-73.982622,29533,21085,8447,7959,9496,9858,1996,0,20635,487,15246,17679,2015,4
E,Museum of National History,40.7813241,-73.9739882,13423,8038,5385,4616,6069,2367,359,636,8428,86,4663,7352,2015,5
E,Rockefeller Center,40.7587402,-73.9786736,27274,18589,8685,10701,9290,6161,793,830,19770,478,13146,15791,2015,5
E,Metropolitan Museum of Art,40.7791865,-73.9635348,15620,9938,5681,5711,6599,2956,323,492,8813,74,5215,8675,2015,5
E,Times Square,40.759011,-73.9844722,21072,14002,7070,4567,5801,6940,3508,738,12511,2527,8382,11964,2015,5
A,Coney Island,40.5749261,-73.9859414,623,322,301,131,153,170,156,24,17,571,99,358,2015,5
A,Bryant Park,40.7535965,-73.9832326,40475,31154,9321,16747,10919,9495,2978,648,26984,957,22327,23846,2015,5
A,Battery Park,40.7032775,-74.0170279,21431,13085,8346,7489,6101,4962,2760,831,5362,605,6501,11966,2015,5
A,Rockaway Beach and Boardwalk,40.5863767,-73.8004768,180,120,60,26,26,57,65,3,0,173,36,109,2015,5
B,Mandarin Oriental,40.768971,-73.983044,15464,10478,4986,3575,3958,5940,1848,317,9977,614,8425,9326,2015,5
D,Fort Tilden Beach,40.564254,-73.883913,18,10,8,2,1,1,14,0,0,18,3,8,2015,5
B,The Greenwich Hotel,40.719846,-74.009893,23206,16000,7206,6277,4808,9777,2195,400,11057,419,11963,13674,2015,5
D,Orchard Beach,40.8629619,-73.7926456,6,1,5,0,6,0,0,1,0,3,0,4,2015,5
B,Trump SoHo Hotel,40.725469,-74.005333,8383,5696,2687,1567,2047,3045,1688,301,4427,684,3776,4948,2015,5
D,Long Beach,40.5884373,-73.657908,48,23,25,5,12,11,20,0,5,42,41,29,2015,5
B,The Mark Hotel,40.775274,-73.963405,14971,10761,4210,3936,4710,5128,1106,271,11000,132,7127,9030,2015,5
B,The Pierre Hotel,40.765247,-73.971998,5442,3616,1825,1437,1877,1796,298,137,3825,143,2645,3139,2015,5
A,Central Park,40.7711329,-73.9741874,974320,665427,308892,242763,306466,322993,96975,23616,629799,19793,461254,574911,2015,5
A,Prospect Park,40.6602037,-73.9689558,32563,18822,13741,3380,4481,9809,14405,911,4000,6673,12581,19365,2015,5
A,State of liberty National Monument,40.6892494,-74.0445004,21431,13085,8346,7489,6101,4962,2760,831,5362,605,6501,11966,2015,5
A,Riverside Park,40.8012339,-73.9723096,325636,220061,105575,58104,85786,131147,49282,6563,164626,7029,146801,192014,2015,5
B,The Plaza,40.764464,-73.974489,12314,8418,3895,3606,4298,3324,1056,318,8579,317,5517,7177,2015,5
B,Gramercy Park Hotel,40.738524,-73.985742,12823,8672,4151,1606,2396,6037,2755,262,8682,352,6855,7509,2015,5
C,Literary Walk,40.7723522,-73.9715901,2,2,0,0,2,0,0,0,2,0,0,0,2015,5
E,Broadway and Shubert Alley,40.7578253,-73.9871766,15852,9856,5996,2363,4656,6229,2475,528,10277,916,5850,8818,2015,5
B,Four Seasons Hotel,40.762347,-73.971312,23658,18187,5471,9419,6556,5611,1925,312,16746,454,12810,14068,2015,5
C,Ricahrd Morris Hunt Memorial,40.7714825,-73.9677474,1484,1008,476,506,630,290,48,24,1131,16,567,848,2015,5
E,Empire State Building,40.7484405,-73.9856644,30881,18889,11992,7339,7846,11531,4027,1120,22202,326,12399,17167,2015,5
B,The Surrey Hotel,40.774287,-73.96397,20998,15634,5364,4870,6447,7990,1631,305,15117,258,9382,12435,2015,5
C,Statue of Liberty,40.6892494,-74.0445004,21431,13085,8346,7489,6101,4962,2760,831,5362,605,6501,11966,2015,5
C,107th Infantry Memorial,40.769249,-73.9694586,2493,1745,748,725,969,696,92,59,2023,16,1209,1487,2015,5
D,Coney Island Beach,40.5749261,-73.9859414,623,322,301,131,153,170,156,24,17,571,99,358,2015,5
B,The Peninsula Hotel,40.761719,-73.975259,12161,8892,3269,4393,3288,3549,759,216,8730,363,6631,7381,2015,5
C,911 Memorial,40.7115405,-74.0132725,63367,43555,19812,23712,18413,13640,7161,1720,20025,2548,23131,36044,2015,5
D,Rockaway beach and Boardwalk,40.5863767,-73.8004768,180,120,60,26,26,57,65,3,0,173,36,109,2015,5
F,Regal Cinemas Battery Park,40.71499216,-74.01525132,32263,21965,10298,9358,8852,11041,2883,801,10904,2040,15720,19255,2015,5
C,Grants Tomb,40.8134045,-73.9630671,2137,1338,799,357,466,848,455,63,640,96,809,1242,2015,5
F,Sunshine Cinema,40.723024,-73.989961,9336,4791,4545,603,1323,4214,3165,205,5582,244,5022,5355,2015,5
C,Grand Army Plaza,40.764591,-73.9736523,27328,18336,8992,8729,9665,7220,1556,828,20535,467,13071,15884,2015,5
F,Broadway Theater,40.763417,-73.983394,10079,6465,3614,1839,2711,3393,2067,283,6069,864,4049,5717,2015,5
C,Washington Square Arch,40.7314658,-73.9970956,30888,19660,11228,6836,9263,11233,3489,709,18400,822,14922,18077,2015,5
F,AMC Lowes Lincoln Square,40.774866,-73.981646,13233,8434,4799,2391,4338,5493,948,363,9378,185,6897,7864,2015,5
C,Columbus Circle Fountain,40.767885,-73.982622,30994,20091,10902,8184,10047,10232,2286,856,21447,565,15601,18310,2015,5
B,Trump SoHo Hotel,40.725469,-74.005333,8339,6164,2175,1635,2108,2882,1676,0,4321,743,3996,4903,2015,6
E,Rockefeller Center,40.7587402,-73.9786736,23995,18815,5180,9681,8339,4780,743,0,17333,459,12324,13821,2015,6
C,Washington Square Arch,40.7314658,-73.9970956,25870,18154,7716,5702,7618,9476,3009,0,15533,699,12741,15260,2015,6
D,Jones Beach,40.6298139,-73.5030099,1,1,0,0,0,1,0,0,1,0,50,1,2015,6
B,The Mark Hotel,40.775274,-73.963405,14137,11207,2930,3765,4326,4983,1003,0,10438,212,6814,8512,2015,6
E,Times Square,40.759011,-73.9844722,18505,13331,5174,3892,5346,5816,3206,0,11386,2160,7710,10331,2015,6
C,Columbus Circle Fountain,40.767885,-73.982622,28500,20645,7855,7844,9045,9018,2396,0,20045,517,14739,16780,2015,6
A,Central Park,40.7711329,-73.9741874,902049,674577,227472,215254,275471,312478,93868,0,587294,19416,435610,532595,2015,6
A,Rockaway Beach and Boardwalk,40.5863767,-73.8004768,185,134,51,36,27,56,56,0,1,179,34,115,2015,6
B,The Pierre Hotel,40.765247,-73.971998,4913,3770,1142,1384,1833,1404,272,0,3674,149,2652,2888,2015,6
E,Broadway and Shubert Alley,40.7578253,-73.9871766,16027,10684,5343,2501,4618,6708,2091,0,10593,1013,6099,8862,2015,6
B,Gramercy Park Hotel,40.738524,-73.985742,11509,8217,3292,1523,2135,5265,2552,0,8031,285,6391,6785,2015,6
E,Empire State Building,40.7484405,-73.9856644,28091,20552,7539,6932,7861,9549,3596,0,20727,388,11880,15675,2015,6
D,Coney Island Beach,40.5749261,-73.9859414,603,409,194,88,153,209,147,0,9,570,88,335,2015,6
B,Four Seasons Hotel,40.762347,-73.971312,21667,17987,3680,8838,6396,4798,1521,0,15758,439,12311,13267,2015,6
D,Rockaway beach and Boardwalk,40.5863767,-73.8004768,185,134,51,36,27,56,56,0,1,179,34,115,2015,6
B,The Surrey Hotel,40.774287,-73.96397,19046,15173,3873,4285,6340,6946,1394,0,13975,305,8869,11333,2015,6
A,Battery Park,40.7032775,-74.0170279,21034,14296,6738,7167,6105,4958,2691,0,5589,635,6597,11748,2015,6
C,Statue of Liberty,40.6892494,-74.0445004,21034,14296,6738,7167,6105,4958,2691,0,5589,635,6597,11748,2015,6
D,Fort Tilden Beach,40.564254,-73.883913,12,6,6,0,1,1,10,0,0,12,3,8,2015,6
B,The Plaza,40.764464,-73.974489,11761,8798,2963,3446,4123,3080,1082,0,8214,356,5387,6780,2015,6
B,The Peninsula Hotel,40.761719,-73.975259,11205,9060,2145,4189,3187,2908,807,0,7974,373,6033,6650,2015,6
A,Bryant Park,40.7535965,-73.9832326,41661,32954,8707,17398,11631,9437,2873,0,28689,1061,24538,24447,2015,6
E,Museum of National History,40.7813241,-73.9739882,14784,9618,5165,5263,6818,2390,304,0,9158,78,5093,7934,2015,6
E,Metropolitan Museum of Art,40.7791865,-73.9635348,14519,10457,4062,4983,6888,2336,290,0,8261,47,4905,8041,2015,6
A,Riverside Park,40.8012339,-73.9723096,280660,208956,71704,44450,72481,117533,44961,0,142319,6607,127763,167038,2015,6
C,Literary Walk,40.7723522,-73.9715901,1,1,0,0,0,0,0,0,0,0,0,1,2015,6
A,Coney Island,40.5749261,-73.9859414,603,409,194,88,153,209,147,0,9,570,88,335,2015,6
C,Ricahrd Morris Hunt Memorial,40.7714825,-73.9677474,1336,1022,314,422,548,321,40,0,1028,8,558,771,2015,6
C,107th Infantry Memorial,40.769249,-73.9694586,2385,1955,430,654,995,638,89,0,1960,30,1132,1381,2015,6
A,State of liberty National Monument,40.6892494,-74.0445004,21034,14296,6738,7167,6105,4958,2691,0,5589,635,6597,11748,2015,6
F,Regal Cinemas Battery Park,40.71499216,-74.01525132,33358,25010,8348,10822,9199,10247,2916,0,11324,1816,15938,19689,2015,6
C,911 Memorial,40.7115405,-74.0132725,69454,51690,17764,28100,19837,14730,6417,0,21241,2644,25425,39428,2015,6
F,Sunshine Cinema,40.723024,-73.989961,8828,4377,4451,568,1375,3695,3171,0,5294,182,4711,5004,2015,6
B,Mandarin Oriental,40.768971,-73.983044,14041,10366,3675,3197,3764,5093,1863,0,9188,501,7713,8445,2015,6
C,Grants Tomb,40.8134045,-73.9630671,1737,1202,535,316,332,617,463,0,495,90,653,1015,2015,6
F,Broadway Theater,40.763417,-73.983394,10074,7298,2776,2125,2314,3445,2136,0,6299,909,4299,5847,2015,6
D,Orchard Beach,40.8629619,-73.7926456,7,0,7,1,6,0,0,0,0,6,2,6,2015,6
B,The Greenwich Hotel,40.719846,-74.009893,22191,16923,5268,6693,4637,8555,2175,0,10657,433,11959,13318,2015,6
A,Prospect Park,40.6602037,-73.9689558,28107,18768,9339,2138,3069,9999,12529,0,3155,6224,10698,16640,2015,6
D,Long Beach,40.5884373,-73.657908,54,33,21,9,6,24,14,0,3,49,24,30,2015,6
F,AMC Lowes Lincoln Square,40.774866,-73.981646,14432,9724,4708,2632,4652,6095,1017,0,10423,194,7577,8452,2015,6
C,Grand Army Plaza,40.764591,-73.9736523,26056,18991,7064,8441,9264,6553,1624,0,19795,488,12761,15045,2015,6
B,Mandarin Oriental,40.768971,-73.983044,12973,9667,3306,2821,3620,4515,1861,355,8587,433,6535,7747,2015,7
C,Literary Walk,40.7723522,-73.9715901,3,1,1,0,3,0,0,0,3,0,0,1,2015,7
A,Central Park,40.7711329,-73.9741874,810266,610020,200245,189538,256427,273297,86088,20961,513912,18428,364425,474668,2015,7
C,Ricahrd Morris Hunt Memorial,40.7714825,-73.9677474,1167,879,288,364,553,217,24,19,891,12,403,655,2015,7
B,The Greenwich Hotel,40.719846,-74.009893,20114,16026,4088,6546,3985,7532,1871,393,9489,353,10794,12172,2015,7
E,Museum of National History,40.7813241,-73.9739882,17499,12003,5495,6470,9025,1696,291,486,10364,57,4632,9093,2015,7
C,107th Infantry Memorial,40.769249,-73.9694586,1848,1435,413,546,733,474,86,39,1480,20,814,1059,2015,7
B,Trump SoHo Hotel,40.725469,-74.005333,7980,5938,2042,1512,2083,2842,1509,236,4067,694,3425,4550,2015,7
A,Prospect Park,40.6602037,-73.9689558,26365,18177,8188,2128,3081,8991,11807,618,2650,6018,9783,15520,2015,7
A,Coney Island,40.5749261,-73.9859414,733,436,297,127,200,194,198,33,15,679,192,410,2015,7
C,911 Memorial,40.7115405,-74.0132725,70517,51981,18536,26764,21053,15874,6379,2387,21558,2259,23883,39415,2015,7
B,The Mark Hotel,40.775274,-73.963405,12540,10111,2429,3084,3969,4510,906,267,9088,202,5631,7495,2015,7
E,Metropolitan Museum of Art,40.7791865,-73.9635348,16040,11269,4771,5646,8001,2122,252,538,8513,49,4602,8706,2015,7
B,The Pierre Hotel,40.765247,-73.971998,4626,3480,1145,1294,1744,1264,295,115,3280,126,1981,2638,2015,7
A,State of liberty National Monument,40.6892494,-74.0445004,24690,16089,8600,8577,7574,5653,2792,807,6514,580,6552,13251,2015,7
C,Grants Tomb,40.8134045,-73.9630671,1628,1115,513,243,384,609,383,38,533,71,647,987,2015,7
A,Bryant Park,40.7535965,-73.9832326,42336,34509,7827,18420,11601,9593,2400,907,28931,989,23963,24755,2015,7
B,Gramercy Park Hotel,40.738524,-73.985742,10953,8244,2709,1431,2143,4705,2653,277,7689,310,5855,6301,2015,7
C,Grand Army Plaza,40.764591,-73.9736523,25822,19394,6427,8142,9332,6600,1632,799,19466,524,11285,14711,2015,7
B,Four Seasons Hotel,40.762347,-73.971312,20653,17392,3261,8590,5654,4479,1817,381,15007,415,10954,12391,2015,7
A,Riverside Park,40.8012339,-73.9723096,247686,184636,63050,37507,61866,102121,44490,5530,119092,6283,109938,147185,2015,7
C,Washington Square Arch,40.7314658,-73.9970956,26315,19454,6861,5912,7437,10025,2892,750,15503,610,11659,15112,2015,7
B,The Surrey Hotel,40.774287,-73.96397,16992,13780,3211,3751,5451,6350,1371,366,12050,288,7147,10081,2015,7
C,Columbus Circle Fountain,40.767885,-73.982622,27584,20185,7399,7360,8959,9041,2000,813,19486,482,13424,16250,2015,7
A,Battery Park,40.7032775,-74.0170279,24690,16089,8600,8577,7574,5653,2792,807,6514,580,6552,13251,2015,7
B,The Plaza,40.764464,-73.974489,11848,9079,2768,3420,4172,3218,998,346,8372,344,4647,6666,2015,7
C,Statue of Liberty,40.6892494,-74.0445004,24690,16089,8600,8577,7574,5653,2792,807,6514,580,6552,13251,2015,7
D,Orchard Beach,40.8629619,-73.7926456,21,9,12,7,12,2,0,0,0,17,2,9,2015,7
D,Long Beach,40.5884373,-73.657908,41,22,19,16,12,10,3,0,7,34,34,16,2015,7
B,The Peninsula Hotel,40.761719,-73.975259,11303,9012,2291,4121,3409,2605,1049,254,8127,425,5729,6617,2015,7
A,Rockaway Beach and Boardwalk,40.5863767,-73.8004768,226,153,73,44,51,71,55,9,5,211,95,122,2015,7
F,Regal Cinemas Battery Park,40.71499216,-74.01525132,33487,24989,8498,10067,9470,11192,2614,1062,11106,1585,15245,19390,2015,7
F,Sunshine Cinema,40.723024,-73.989961,9872,5169,4703,563,1713,4180,3390,322,6211,182,5362,5706,2015,7
D,Fort Tilden Beach,40.564254,-73.883913,46,28,18,2,22,9,13,3,2,44,17,18,2015,7
F,Broadway Theater,40.763417,-73.983394,10410,7670,2740,2300,2217,4162,1665,293,6724,885,4005,5749,2015,7
E,Broadway and Shubert Alley,40.7578253,-73.9871766,16682,11413,5269,2389,4584,7569,1997,709,10982,927,5834,9193,2015,7
E,Empire State Building,40.7484405,-73.9856644,35150,24801,10349,8081,10033,12885,3971,1409,25762,390,12875,19135,2015,7
F,AMC Lowes Lincoln Square,40.774866,-73.981646,12333,8890,3443,2386,3703,5472,721,346,9079,198,6503,7414,2015,7
D,Coney Island Beach,40.5749261,-73.9859414,733,436,297,127,200,194,198,33,15,679,192,410,2015,7
E,Rockefeller Center,40.7587402,-73.9786736,25655,19616,6039,10133,9130,5281,718,776,18817,387,11957,14646,2015,7
D,Rockaway beach and Boardwalk,40.5863767,-73.8004768,226,153,73,44,51,71,55,9,5,211,95,122,2015,7
E,Times Square,40.759011,-73.9844722,19704,13822,5882,3924,6221,6446,2913,655,12251,2253,7125,10838,2015,7
D,Orchard Beach,40.8629619,-73.7926456,13,5,8,5,8,0,0,0,3,9,2,8,2015,8
B,Trump SoHo Hotel,40.725469,-74.005333,7311,4896,2415,1381,1641,2744,1513,0,3766,589,3117,4234,2015,8
F,Sunshine Cinema,40.723024,-73.989961,8839,4401,4438,492,1466,3882,2980,0,5432,136,4543,5032,2015,8
C,Grand Army Plaza,40.764591,-73.9736523,24104,16752,7352,7539,8853,6040,1523,0,18160,450,9948,13659,2015,8
B,The Mark Hotel,40.775274,-73.963405,11816,8927,2889,2899,3545,4460,860,0,8314,192,5115,6913,2015,8
C,Washington Square Arch,40.7314658,-73.9970956,26053,16427,9626,5580,7815,9549,3053,0,15697,665,11329,14968,2015,8
D,Long Beach,40.5884373,-73.657908,55,30,25,9,12,22,12,0,0,54,31,36,2015,8
F,Broadway Theater,40.763417,-73.983394,9647,6706,2941,2068,2081,3915,1545,0,5981,942,3464,5381,2015,8
A,Coney Island,40.5749261,-73.9859414,729,452,277,111,229,237,147,0,22,679,110,415,2015,8
A,Bryant Park,40.7535965,-73.9832326,40102,31275,8827,16981,11246,9502,2006,0,27720,1059,21762,23652,2015,8
A,Battery Park,40.7032775,-74.0170279,24426,14294,10132,8421,7428,5575,2924,0,6158,555,6392,13224,2015,8
A,Rockaway Beach and Boardwalk,40.5863767,-73.8004768,242,150,91,27,49,93,66,0,4,226,40,128,2015,8
B,The Pierre Hotel,40.765247,-73.971998,4223,2941,1281,1135,1521,1268,276,0,3041,103,1784,2402,2015,8
F,AMC Lowes Lincoln Square,40.774866,-73.981646,11443,7352,4091,2147,3948,4631,660,0,8328,125,5575,6750,2015,8
C,Columbus Circle Fountain,40.767885,-73.982622,26450,17931,8518,7000,8174,9035,2024,0,18462,456,12014,15349,2015,8
B,Gramercy Park Hotel,40.738524,-73.985742,10223,6859,3364,1431,1865,4513,2389,0,7296,336,5465,5867,2015,8
E,Rockefeller Center,40.7587402,-73.9786736,24642,17533,7109,10264,8108,5369,582,0,17883,438,10920,14040,2015,8
E,Broadway and Shubert Alley,40.7578253,-73.9871766,16164,10205,5959,2423,4050,7724,1900,0,10461,870,5078,8766,2015,8
B,Four Seasons Hotel,40.762347,-73.971312,19353,15399,3954,8022,5070,4422,1731,0,13708,394,9987,11596,2015,8
E,Times Square,40.759011,-73.9844722,17492,11474,6018,3948,4810,5477,3104,0,11172,1964,6440,9761,2015,8
E,Empire State Building,40.7484405,-73.9856644,33890,22160,11730,8477,8765,12508,4026,0,25052,364,13107,18546,2015,8
B,The Surrey Hotel,40.774287,-73.96397,15588,11782,3806,3321,5177,5866,1181,0,10677,252,6461,9282,2015,8
C,Statue of Liberty,40.6892494,-74.0445004,24426,14294,10132,8421,7428,5575,2924,0,6158,555,6392,13224,2015,8
D,Coney Island Beach,40.5749261,-73.9859414,729,452,277,111,229,237,147,0,22,679,110,415,2015,8
B,The Peninsula Hotel,40.761719,-73.975259,10826,8166,2660,4190,2676,2943,926,0,7867,316,5304,6404,2015,8
D,Fort Tilden Beach,40.564254,-73.883913,28,21,7,4,11,10,2,0,0,28,5,16,2015,8
D,Rockaway beach and Boardwalk,40.5863767,-73.8004768,242,150,91,27,49,93,66,0,4,226,40,128,2015,8
E,Museum of National History,40.7813241,-73.9739882,15251,9651,5600,5695,7654,1590,298,0,8683,80,3972,7993,2015,8
E,Metropolitan Museum of Art,40.7791865,-73.9635348,14826,9430,5396,5872,6859,1840,239,0,7392,42,4045,7962,2015,8
C,Ricahrd Morris Hunt Memorial,40.7714825,-73.9677474,1160,770,390,368,536,202,41,0,855,12,361,642,2015,8
C,107th Infantry Memorial,40.769249,-73.9694586,1585,1094,491,450,610,451,58,0,1261,20,649,921,2015,8
B,Mandarin Oriental,40.768971,-73.983044,12145,8389,3755,2700,3017,4622,1704,0,7910,481,5839,7223,2015,8
C,911 Memorial,40.7115405,-74.0132725,67023,44515,22508,24239,20495,15463,6410,0,21544,2091,22458,37418,2015,8
B,The Greenwich Hotel,40.719846,-74.009893,20566,14639,5927,6082,4022,8189,2057,0,9805,329,10692,12166,2015,8
C,Grants Tomb,40.8134045,-73.9630671,1494,944,550,252,365,540,322,0,434,115,530,888,2015,8
F,Regal Cinemas Battery Park,40.71499216,-74.01525132,31027,21035,9992,8740,8541,10754,2870,0,10518,1492,13652,17842,2015,8
A,Central Park,40.7711329,-73.9741874,752806,518204,234602,172810,243783,252717,78805,0,468825,18454,326187,439279,2015,8
A,Prospect Park,40.6602037,-73.9689558,25566,15850,9716,2054,3304,8589,11292,0,2451,6120,9376,14924,2015,8
A,State of liberty National Monument,40.6892494,-74.0445004,24426,14294,10132,8421,7428,5575,2924,0,6158,555,6392,13224,2015,8
A,Riverside Park,40.8012339,-73.9723096,215089,149909,65180,34215,54102,89096,36645,0,98848,6843,93270,127891,2015,8
B,The Plaza,40.764464,-73.974489,10857,7513,3343,2870,3891,3054,1002,0,7659,322,4055,6085,2015,8
C,Literary Walk,40.7723522,-73.9715901,0,0,0,0,0,0,0,0,0,0,1,0,2015,9
A,Central Park,40.7711329,-73.9741874,792300,582711,209588,192119,252491,269332,74252,20541,513673,18208,380500,469218,2015,9
B,Mandarin Oriental,40.768971,-73.983044,12770,9270,3500,3152,2773,4918,1769,321,8276,461,6846,7735,2015,9
C,Ricahrd Morris Hunt Memorial,40.7714825,-73.9677474,1148,867,281,416,441,253,31,27,842,12,462,673,2015,9
B,The Greenwich Hotel,40.719846,-74.009893,20696,15219,5477,6024,4040,8685,1767,352,9831,314,10995,12439,2015,9
E,Museum of National History,40.7813241,-73.9739882,9907,6440,3467,3188,4609,1870,229,382,5924,49,3364,5379,2015,9
B,Trump SoHo Hotel,40.725469,-74.005333,7717,5464,2253,1439,1644,2974,1636,198,4167,556,3505,4519,2015,9
C,107th Infantry Memorial,40.769249,-73.9694586,2299,1846,453,667,890,674,64,46,1915,13,1107,1324,2015,9
A,Prospect Park,40.6602037,-73.9689558,25753,17320,8433,2359,3140,9050,10879,1019,2741,5943,9656,15335,2015,10
A,Coney Island,40.5749261,-73.9859414,611,354,257,81,156,190,175,26,7,580,97,354,2015,9
B,The Mark Hotel,40.775274,-73.963405,12279,9215,3063,3477,3578,4332,790,343,8978,136,5829,7402,2015,9
C,911 Memorial,40.7115405,-74.0132725,61932,43090,18842,23029,18326,13804,6413,1828,20019,2444,22211,35508,2015,9
E,Metropolitan Museum of Art,40.7791865,-73.9635348,12352,8748,3603,4899,4887,2317,231,603,6812,44,4136,6986,2015,9
B,The Pierre Hotel,40.765247,-73.971998,4183,2971,1212,1111,1398,1366,286,105,3034,130,2084,2426,2015,9
A,State of liberty National Monument,40.6892494,-74.0445004,18721,11790,6930,6193,5377,4499,2559,703,5088,573,5731,10523,2015,9
C,Grants Tomb,40.8134045,-73.9630671,1440,917,522,252,334,547,287,32,495,68,568,832,2015,9
C,Grand Army Plaza,40.764591,-73.9736523,21311,15616,5694,6976,7130,5519,1518,636,15911,425,10510,12466,2015,9
B,Gramercy Park Hotel,40.738524,-73.985742,12158,8766,3392,1671,1922,5728,2809,292,8579,311,6884,7033,2015,9
A,Bryant Park,40.7535965,-73.9832326,38383,29747,8636,16631,10616,8414,2354,675,25905,1007,21807,22836,2015,9
B,Four Seasons Hotel,40.762347,-73.971312,19420,15555,3865,7811,5392,4600,1493,252,14210,361,10718,11580,2015,9
A,Riverside Park,40.8012339,-73.9723096,261140,189680,71459,44310,69626,110621,35538,6535,133023,6353,120347,155960,2015,9
C,Washington Square Arch,40.7314658,-73.9970956,29067,20289,8778,6153,8634,10450,3766,812,18574,735,14700,17183,2015,9
B,The Surrey Hotel,40.774287,-73.96397,17050,12836,4214,4134,5344,6280,1213,326,12161,265,7867,10140,2015,9
A,Battery Park,40.7032775,-74.0170279,18721,11790,6930,6193,5377,4499,2559,703,5088,573,5731,10523,2015,9
C,Columbus Circle Fountain,40.767885,-73.982622,25602,18162,7440,6906,8111,8376,1992,729,17774,487,12672,15170,2015,9
B,The Plaza,40.764464,-73.974489,10187,7513,2674,3175,3219,2801,937,287,7135,277,4748,5973,2015,9
C,Statue of Liberty,40.6892494,-74.0445004,18721,11790,6930,6193,5377,4499,2559,703,5088,573,5731,10523,2015,9
D,Orchard Beach,40.8629619,-73.7926456,5,1,4,2,3,0,0,1,0,5,0,4,2015,9
B,The Peninsula Hotel,40.761719,-73.975259,10075,7873,2202,3722,2382,3061,798,210,7283,296,5574,6009,2015,9
D,Long Beach,40.5884373,-73.657908,35,29,6,10,7,10,8,1,7,27,38,25,2015,9
A,Rockaway Beach and Boardwalk,40.5863767,-73.8004768,203,155,48,24,44,77,54,11,6,193,61,122,2015,9
F,Regal Cinemas Battery Park,40.71499216,-74.01525132,29124,21801,7323,8838,7932,9816,2384,801,9290,1578,13482,16990,2015,9
F,Sunshine Cinema,40.723024,-73.989961,8133,4438,3695,532,1450,3594,2528,205,5027,264,4312,4686,2015,9
D,Fort Tilden Beach,40.564254,-73.883913,21,13,8,4,12,2,3,2,0,20,4,14,2015,9
F,Broadway Theater,40.763417,-73.983394,8239,5925,2314,1555,2084,3111,1409,236,5057,781,3339,4742,2015,9
E,Broadway and Shubert Alley,40.7578253,-73.9871766,14581,10072,4509,2124,3820,6752,1740,519,9269,852,5127,8001,2015,9
E,Empire State Building,40.7484405,-73.9856644,25691,17600,8091,6687,6352,9283,3244,906,18515,388,10388,14530,2015,9
F,AMC Lowes Lincoln Square,40.774866,-73.981646,10817,7380,3437,2174,3701,4213,671,283,7761,168,5692,6493,2015,9
D,Coney Island Beach,40.5749261,-73.9859414,611,354,257,81,156,190,175,26,7,580,97,354,2015,9
E,Rockefeller Center,40.7587402,-73.9786736,20597,15417,5180,9183,6040,4381,593,672,14876,414,10501,12127,2015,9
D,Rockaway beach and Boardwalk,40.5863767,-73.8004768,203,155,48,24,44,77,54,11,6,193,61,122,2015,9
E,Times Square,40.759011,-73.9844722,16523,11803,4720,3774,3969,5714,2814,625,10024,2054,6336,9270,2015,9
