C,Literary Walk,40.7723522,-73.9715901,5,3,2,0,1,2,1,0,3,0,0,4,2012,10
D,Orchard Beach,40.8629619,-73.7926456,5,0,5,0,5,0,0,0,0,5,0,1,2012,10
C,Ricahrd Morris Hunt Memorial,40.7714825,-73.9677474,1797,1339,457,626,731,393,45,19,1318,14,455,1013,2012,10
D,Long Beach,40.5884373,-73.657908,42,28,14,4,16,12,10,0,1,38,12,22,2012,10
A,Bryant Park,40.7535965,-73.9832326,56262,45994,10268,24132,15271,12345,3854,1432,37211,1164,23095,32504,2012,10
A,Rockaway Beach and Boardwalk,40.5863767,-73.8004768,144,98,46,13,26,63,41,4,5,132,18,80,2012,10
C,107th Infantry Memorial,40.769249,-73.9694586,1974,1485,488,586,733,561,80,27,1518,26,619,1193,2012,10
C,911 Memorial,40.7115405,-74.0132725,59393,43267,16126,20771,15039,13604,9371,1724,18611,2490,17485,33929,2012,10
A,Central Park,40.7711329,-73.9741874,1062056,780017,282038,264129,326069,363288,103555,28072,657451,20758,351940,620397,2012,10
B,The Plaza,40.764464,-73.974489,12627,9436,3191,3999,4475,3308,794,383,8779,368,4112,7400,2012,10
A,State of liberty National Monument,40.6892494,-74.0445004,21735,14358,7377,8222,5347,4748,3283,645,5063,759,4763,12012,2012,10
C,Grants Tomb,40.8134045,-73.9630671,1717,1115,602,256,350,658,438,35,534,47,488,1036,2012,10
E,Broadway and Shubert Alley,40.7578253,-73.9871766,16691,11838,4853,2937,4320,6938,2322,549,10761,704,4330,8920,2012,10
C,Grand Army Plaza,40.764591,-73.9736523,32481,24111,8370,11461,11669,7646,1527,737,24119,567,10804,19008,2012,10
E,Empire State Building,40.7484405,-73.9856644,36375,24581,11794,9462,10072,11467,5184,972,25590,408,10555,20270,2012,10
C,Washington Square Arch,40.7314658,-73.9970956,44234,30382,13852,9995,10876,16816,6439,1213,25356,913,15912,25565,2012,10
D,Coney Island Beach,40.5749261,-73.9859414,505,332,173,76,119,165,135,6,13,472,52,298,2012,10
D,Rockaway beach and Boardwalk,40.5863767,-73.8004768,144,98,46,13,26,63,41,4,5,132,18,80,2012,10
C,Columbus Circle Fountain,40.767885,-73.982622,36416,26301,10115,9112,10890,13285,2853,957,24257,579,13400,21292,2012,10
B,Mandarin Oriental,40.768971,-73.983044,17967,13293,4674,4061,4275,7159,2356,465,11125,721,7043,10652,2012,10
B,The Greenwich Hotel,40.719846,-74.009893,24330,17795,6535,6827,4772,10247,2315,677,11436,362,9722,14503,2012,10
B,Trump SoHo Hotel,40.725469,-74.005333,8703,6162,2541,1711,2232,3042,1638,233,4513,370,3117,5166,2012,10
B,The Mark Hotel,40.775274,-73.963405,15336,11672,3663,3570,4720,5743,1246,391,10683,145,4836,9411,2012,10
A,Coney Island,40.5749261,-73.9859414,505,332,173,76,119,165,135,6,13,472,52,298,2012,10
A,Battery Park,40.7032775,-74.0170279,21735,14358,7377,8222,5347,4748,3283,646,5063,759,4763,12012,2012,10
D,Fort Tilden Beach,40.564254,-73.883913,20,5,15,0,7,6,7,0,1,11,1,10,2012,10
B,The Pierre Hotel,40.765247,-73.971998,7013,5169,1844,2163,2507,2071,245,151,5059,105,2402,4120,2012,10
B,Gramercy Park Hotel,40.738524,-73.985742,12175,8344,3831,1786,2332,5212,2807,318,8255,245,4954,7534,2012,10
E,Museum of National History,40.7813241,-73.9739882,12886,8704,4182,4345,5301,2737,490,444,7841,103,2926,6939,2012,10
F,Regal Cinemas Battery Park,40.71499216,-74.01525132,24561,18407,6154,7524,5697,8308,2910,664,7676,1593,9355,15339,2012,10
B,Four Seasons Hotel,40.762347,-73.971312,31135,25025,6110,13050,8278,7112,2560,930,21704,368,11196,18287,2012,10
A,Prospect Park,40.6602037,-73.9689558,30509,19484,11025,2795,3040,10304,13856,726,3156,5855,8636,17959,2012,10
A,Riverside Park,40.8012339,-73.9723096,326003,237612,88391,56979,84088,133972,49486,8528,157570,6276,106089,196169,2012,10
B,The Surrey Hotel,40.774287,-73.96397,21382,16470,4912,5371,7068,7226,1644,499,14591,258,6318,12675,2012,10
F,Sunshine Cinema,40.723024,-73.989961,12311,6733,5578,982,1631,5256,4383,260,7096,161,4963,6822,2012,10
E,Metropolitan Museum of Art,40.7791865,-73.9635348,13167,9108,4059,4975,5654,2307,219,277,7185,51,2958,7449,2012,10
C,Statue of Liberty,40.6892494,-74.0445004,21735,14358,7377,8222,5347,4748,3283,646,5063,759,4763,12012,2012,10
F,Broadway Theater,40.763417,-73.983394,11668,8492,3176,2810,2485,4523,1764,282,7317,564,3642,6702,2012,10
B,The Peninsula Hotel,40.761719,-73.975259,15677,12421,3256,6556,3882,3865,1194,347,10708,383,5820,9373,2012,10
F,AMC Lowes Lincoln Square,40.774866,-73.981646,14751,10229,4522,2710,4680,6174,1101,489,10139,174,5590,9056,2012,10
E,Rockefeller Center,40.7587402,-73.9786736,25992,20184,5808,12831,7916,4092,839,690,18444,346,9698,15440,2012,10
E,Times Square,40.759011,-73.9844722,27480,20108,7372,7210,6931,9475,3663,767,17081,2329,7942,15602,2012,10
